0
0.0024
0.0048
0.0072
0.0096
0.012
0.0144
0.0168
0.0192
0.0216
0.024
0.0264
0.0288
0.0312
0.0336
0.036
0.0384
0.0408
0.0432
0.0456
0.048
0.0504
0.0528
0.0552
0.0576
0.06
0.0624
0.0648
0.0672
0.0696
0.072
0.0744
0.0768
0.0792
0.0816
0.084
0.0864
0.0888
0.0912
0.0936
0.096
0.0984
0.1008
0.1032
0.1056
0.108
0.1104
0.1128
0.1152
0.1176
0.12
0.1224
0.1248
0.1272
0.1296
0.132
0.1344
0.1368
0.1392
0.1416
0.144
0.1464
0.1488
0.1512
0.1536
0.156
0.1584
0.1608
0.1632
0.1656
0.168
0.1704
0.1728
0.1752
0.1776
0.18
0.1824
0.1848
0.1872
0.1896
0.192
0.1944
0.1968
0.1992
0.2016
0.204
0.2064
0.2088
0.2112
0.2136
0.216
0.2184
0.2208
0.2232
0.2256
0.228
0.2304
0.2328
0.2352
0.2376
0.24
0.2424
0.2448
0.2472
0.2496
0.252
0.2544
0.2568
0.2592
0.2616
0.264
0.2664
0.2688
0.2712
0.2736
0.276
0.2784
0.2808
0.2832
0.2856
0.288
0.2904
0.2928
0.2952
0.2976
0.3
0.3024
0.3048
0.3072
0.3096
0.312
0.3144
0.3168
0.3192
0.3216
0.324
0.3264
0.3288
0.3312
0.3336
0.336
0.3384
0.3408
0.3432
0.3456
0.348
0.3504
0.3528
0.3552
0.3576
0.36
0.3624
0.3648
0.3672
0.3696
0.372
0.3744
0.3768
0.3792
0.3816
0.384
0.3864
0.3888
0.3912
0.3936
0.396
0.3984
0.4008
0.4032
0.4056
0.408
0.4104
0.4128
0.4152
0.4176
0.42
0.4224
0.4248
0.4272
0.4296
0.432
0.4344
0.4368
0.4392
0.4416
0.444
0.4464
0.4488
0.4512
0.4536
0.456
0.4584
0.4608
0.4632
0.4656
0.468
0.4704
0.4728
0.4752
0.4776
0.48
0.4824
0.4848
0.4872
0.4896
0.492
0.4944
0.4968
0.4992
0.5016
0.504
0.5064
0.5088
0.5112
0.5136
0.516
0.5184
0.5208
0.5232
0.5256
0.528
0.5304
0.5328
0.5352
0.5376
0.54
0.5424
0.5448
0.5472
0.5496
0.552
0.5544
0.5568
0.5592
0.5616
0.564
0.5664
0.5688
0.5712
0.5736
0.576
0.5784
0.5808
0.5832
0.5856
0.588
0.5904
0.5928
0.5952
0.5976
0.6
0.6024
0.6048
0.6072
0.6096
0.612
0.6144
0.6168
0.6192
0.6216
0.624
0.6264
0.6288
0.6312
0.6336
0.636
0.6384
0.6408
0.6432
0.6456
0.648
0.6504
0.6528
0.6552
0.6576
0.66
0.6624
0.6648
0.6672
0.6696
0.672
0.6744
0.6768
0.6792
0.6816
0.684
0.6864
0.6888
0.6912
0.6936
0.696
0.6984
0.7008
0.7032
0.7056
0.708
0.7104
0.7128
0.7152
0.7176
0.72
0.7224
0.7248
0.7272
0.7296
0.732
0.7344
0.7368
0.7392
0.7416
0.744
0.7464
0.7488
0.7512
0.7536
0.756
0.7584
0.7608
0.7632
0.7656
0.768
0.7704
0.7728
0.7752
0.7776
0.78
0.7824
0.7848
0.7872
0.7896
0.792
0.7944
0.7968
0.7992
0.8016
0.804
0.8064
0.8088
0.8112
0.8136
0.816
0.8184
0.8208
0.8232
0.8256
0.828
0.8304
0.8328
0.8352
0.8376
0.84
0.8424
0.8448
0.8472
0.8496
0.852
0.8544
0.8568
0.8592
0.8616
0.864
0.8664
0.8688
0.8712
0.8736
0.876
0.8784
0.8808
0.8832
0.8856
0.888
0.8904
0.8928
0.8952
0.8976
0.9
0.9024
0.9048
0.9072
0.9096
0.912
0.9144
0.9168
0.9192
0.9216
0.924
0.9264
0.9288
0.9312
0.9336
0.936
0.9384
0.9408
0.9432
0.9456
0.948
0.9504
0.9528
0.9552
0.9576
0.96
0.9624
0.9648
0.9672
0.9696
0.972
0.9744
0.9768
0.9792
0.9816
0.984
0.9864
0.9888
0.9912
0.9936
0.996
0.9984
