   4.5000000e-05
   4.5034161e-05
   4.5068348e-05
   4.5102561e-05
   4.5136800e-05
   4.5171065e-05
   4.5205356e-05
   4.5239673e-05
   4.5274016e-05
   4.5308385e-05
   4.5342781e-05
   4.5377202e-05
   4.5411649e-05
   4.5446123e-05
   4.5480623e-05
   4.5515149e-05
   4.5549701e-05
   4.5584279e-05
   4.5618884e-05
   4.5653515e-05
   4.5688172e-05
   4.5722856e-05
   4.5757566e-05
   4.5792302e-05
   4.5827064e-05
   4.5861853e-05
   4.5896669e-05
   4.5931511e-05
   4.5966379e-05
   4.6001274e-05
   4.6036195e-05
   4.6071142e-05
   4.6106117e-05
   4.6141118e-05
   4.6176145e-05
   4.6211199e-05
   4.6246280e-05
   4.6281387e-05
   4.6316521e-05
   4.6351681e-05
   4.6386868e-05
   4.6422082e-05
   4.6457323e-05
   4.6492590e-05
   4.6527885e-05
   4.6563206e-05
   4.6598553e-05
   4.6633928e-05
   4.6669330e-05
   4.6704758e-05
   4.6740213e-05
   4.6775695e-05
   4.6811204e-05
   4.6846741e-05
   4.6882304e-05
   4.6917894e-05
   4.6953511e-05
   4.6989155e-05
   4.7024826e-05
   4.7060524e-05
   4.7096250e-05
   4.7132002e-05
   4.7167782e-05
   4.7203588e-05
   4.7239422e-05
   4.7275283e-05
   4.7311172e-05
   4.7347087e-05
   4.7383030e-05
   4.7419000e-05
   4.7454998e-05
   4.7491023e-05
   4.7527075e-05
   4.7563154e-05
   4.7599261e-05
   4.7635396e-05
   4.7671557e-05
   4.7707747e-05
   4.7743963e-05
   4.7780207e-05
   4.7816479e-05
   4.7852778e-05
   4.7889105e-05
   4.7925459e-05
   4.7961841e-05
   4.7998251e-05
   4.8034688e-05
   4.8071153e-05
   4.8107645e-05
   4.8144166e-05
   4.8180714e-05
   4.8217289e-05
   4.8253893e-05
   4.8290524e-05
   4.8327183e-05
   4.8363870e-05
   4.8400585e-05
   4.8437327e-05
   4.8474098e-05
   4.8510896e-05
   4.8547723e-05
   4.8584577e-05
   4.8621459e-05
   4.8658370e-05
   4.8695308e-05
   4.8732274e-05
   4.8769269e-05
   4.8806291e-05
   4.8843342e-05
   4.8880421e-05
   4.8917528e-05
   4.8954663e-05
   4.8991826e-05
   4.9029017e-05
   4.9066237e-05
   4.9103485e-05
   4.9140761e-05
   4.9178066e-05
   4.9215399e-05
   4.9252760e-05
   4.9290149e-05
   4.9327567e-05
   4.9365014e-05
   4.9402488e-05
   4.9439991e-05
   4.9477523e-05
   4.9515083e-05
   4.9552672e-05
   4.9590289e-05
   4.9627935e-05
   4.9665609e-05
   4.9703312e-05
   4.9741044e-05
   4.9778804e-05
   4.9816593e-05
   4.9854411e-05
   4.9892257e-05
   4.9930132e-05
   4.9968036e-05
   5.0005968e-05
   5.0043929e-05
   5.0081920e-05
   5.0119939e-05
   5.0157986e-05
   5.0196063e-05
   5.0234169e-05
   5.0272303e-05
   5.0310467e-05
   5.0348659e-05
   5.0386881e-05
   5.0425131e-05
   5.0463411e-05
   5.0501719e-05
   5.0540057e-05
   5.0578424e-05
   5.0616820e-05
   5.0655245e-05
   5.0693699e-05
   5.0732183e-05
   5.0770695e-05
   5.0809237e-05
   5.0847808e-05
   5.0886409e-05
   5.0925038e-05
   5.0963697e-05
   5.1002386e-05
   5.1041103e-05
   5.1079851e-05
   5.1118627e-05
   5.1157433e-05
   5.1196269e-05
   5.1235133e-05
   5.1274028e-05
   5.1312952e-05
   5.1351905e-05
   5.1390888e-05
   5.1429901e-05
   5.1468943e-05
   5.1508015e-05
   5.1547117e-05
   5.1586248e-05
   5.1625409e-05
   5.1664600e-05
   5.1703820e-05
   5.1743071e-05
   5.1782351e-05
   5.1821660e-05
   5.1861000e-05
   5.1900370e-05
   5.1939769e-05
   5.1979198e-05
   5.2018658e-05
   5.2058147e-05
   5.2097666e-05
   5.2137215e-05
   5.2176795e-05
   5.2216404e-05
   5.2256043e-05
   5.2295713e-05
   5.2335412e-05
   5.2375142e-05
   5.2414902e-05
   5.2454692e-05
   5.2494512e-05
   5.2534363e-05
   5.2574243e-05
   5.2614154e-05
   5.2654096e-05
   5.2694067e-05
   5.2734069e-05
   5.2774102e-05
   5.2814164e-05
   5.2854257e-05
   5.2894381e-05
   5.2934535e-05
   5.2974719e-05
   5.3014934e-05
   5.3055180e-05
   5.3095456e-05
   5.3135763e-05
   5.3176100e-05
   5.3216468e-05
   5.3256866e-05
   5.3297296e-05
   5.3337756e-05
   5.3378246e-05
   5.3418768e-05
   5.3459320e-05
   5.3499903e-05
   5.3540516e-05
   5.3581161e-05
   5.3621836e-05
   5.3662542e-05
   5.3703280e-05
   5.3744048e-05
   5.3784847e-05
   5.3825677e-05
   5.3866538e-05
   5.3907430e-05
   5.3948353e-05
   5.3989307e-05
   5.4030292e-05
   5.4071309e-05
   5.4112356e-05
   5.4153435e-05
   5.4194544e-05
   5.4235686e-05
   5.4276858e-05
   5.4318061e-05
   5.4359296e-05
   5.4400562e-05
   5.4441860e-05
   5.4483188e-05
   5.4524549e-05
   5.4565940e-05
   5.4607363e-05
   5.4648817e-05
   5.4690303e-05
   5.4731821e-05
   5.4773370e-05
   5.4814950e-05
   5.4856562e-05
   5.4898206e-05
   5.4939881e-05
   5.4981588e-05
   5.5023326e-05
   5.5065096e-05
   5.5106898e-05
   5.5148732e-05
   5.5190597e-05
   5.5232494e-05
   5.5274423e-05
   5.5316384e-05
   5.5358377e-05
   5.5400401e-05
   5.5442458e-05
   5.5484546e-05
   5.5526667e-05
   5.5568819e-05
   5.5611003e-05
   5.5653219e-05
   5.5695468e-05
   5.5737748e-05
   5.5780061e-05
   5.5822405e-05
   5.5864782e-05
   5.5907191e-05
   5.5949632e-05
   5.5992106e-05
   5.6034611e-05
   5.6077149e-05
   5.6119719e-05
   5.6162322e-05
   5.6204957e-05
   5.6247624e-05
   5.6290324e-05
   5.6333056e-05
   5.6375820e-05
   5.6418617e-05
   5.6461446e-05
   5.6504308e-05
   5.6547203e-05
   5.6590130e-05
   5.6633089e-05
   5.6676082e-05
   5.6719106e-05
   5.6762164e-05
   5.6805254e-05
   5.6848377e-05
   5.6891533e-05
   5.6934721e-05
   5.6977942e-05
   5.7021196e-05
   5.7064483e-05
   5.7107803e-05
   5.7151155e-05
   5.7194541e-05
   5.7237959e-05
   5.7281411e-05
   5.7324895e-05
   5.7368413e-05
   5.7411963e-05
   5.7455546e-05
   5.7499163e-05
   5.7542813e-05
   5.7586496e-05
   5.7630212e-05
   5.7673961e-05
   5.7717743e-05
   5.7761559e-05
   5.7805408e-05
   5.7849290e-05
   5.7893205e-05
   5.7937154e-05
   5.7981136e-05
   5.8025152e-05
   5.8069201e-05
   5.8113283e-05
   5.8157399e-05
   5.8201548e-05
   5.8245731e-05
   5.8289948e-05
   5.8334198e-05
   5.8378481e-05
   5.8422799e-05
   5.8467149e-05
   5.8511534e-05
   5.8555952e-05
   5.8600404e-05
   5.8644890e-05
   5.8689409e-05
   5.8733962e-05
   5.8778549e-05
   5.8823170e-05
   5.8867825e-05
   5.8912514e-05
   5.8957236e-05
   5.9001993e-05
   5.9046784e-05
   5.9091608e-05
   5.9136467e-05
   5.9181359e-05
   5.9226286e-05
   5.9271247e-05
   5.9316242e-05
   5.9361271e-05
   5.9406334e-05
   5.9451432e-05
   5.9496563e-05
   5.9541729e-05
   5.9586930e-05
   5.9632164e-05
   5.9677433e-05
   5.9722736e-05
   5.9768074e-05
   5.9813446e-05
   5.9858853e-05
   5.9904294e-05
   5.9949769e-05
   5.9995279e-05
   6.0040824e-05
   6.0086403e-05
   6.0132017e-05
   6.0177665e-05
   6.0223348e-05
   6.0269066e-05
   6.0314818e-05
   6.0360605e-05
   6.0406427e-05
   6.0452284e-05
   6.0498175e-05
   6.0544102e-05
   6.0590063e-05
   6.0636059e-05
   6.0682090e-05
   6.0728156e-05
   6.0774257e-05
   6.0820393e-05
   6.0866564e-05
   6.0912770e-05
   6.0959011e-05
   6.1005287e-05
   6.1051598e-05
   6.1097945e-05
   6.1144327e-05
   6.1190743e-05
   6.1237196e-05
   6.1283683e-05
   6.1330206e-05
   6.1376764e-05
   6.1423357e-05
   6.1469986e-05
   6.1516650e-05
   6.1563349e-05
   6.1610084e-05
   6.1656854e-05
   6.1703660e-05
   6.1750502e-05
   6.1797379e-05
   6.1844292e-05
   6.1891240e-05
   6.1938224e-05
   6.1985243e-05
   6.2032298e-05
   6.2079389e-05
   6.2126516e-05
   6.2173679e-05
   6.2220877e-05
   6.2268111e-05
   6.2315381e-05
   6.2362687e-05
   6.2410028e-05
   6.2457406e-05
   6.2504820e-05
   6.2552269e-05
   6.2599755e-05
   6.2647277e-05
   6.2694835e-05
   6.2742429e-05
   6.2790059e-05
   6.2837725e-05
   6.2885427e-05
   6.2933166e-05
   6.2980941e-05
   6.3028752e-05
   6.3076599e-05
   6.3124483e-05
   6.3172403e-05
   6.3220359e-05
   6.3268352e-05
   6.3316381e-05
   6.3364447e-05
   6.3412549e-05
   6.3460688e-05
   6.3508864e-05
   6.3557075e-05
   6.3605324e-05
   6.3653609e-05
   6.3701931e-05
   6.3750289e-05
   6.3798684e-05
   6.3847116e-05
   6.3895585e-05
   6.3944090e-05
   6.3992632e-05
   6.4041212e-05
   6.4089828e-05
   6.4138480e-05
   6.4187170e-05
   6.4235897e-05
   6.4284661e-05
   6.4333462e-05
   6.4382300e-05
   6.4431174e-05
   6.4480086e-05
   6.4529036e-05
   6.4578022e-05
   6.4627045e-05
   6.4676106e-05
   6.4725204e-05
   6.4774339e-05
   6.4823512e-05
   6.4872722e-05
   6.4921969e-05
   6.4971254e-05
   6.5020576e-05
   6.5069935e-05
   6.5119332e-05
   6.5168766e-05
   6.5218238e-05
   6.5267748e-05
   6.5317295e-05
   6.5366880e-05
   6.5416502e-05
   6.5466162e-05
   6.5515860e-05
   6.5565595e-05
   6.5615368e-05
   6.5665179e-05
   6.5715028e-05
   6.5764915e-05
   6.5814839e-05
   6.5864802e-05
   6.5914802e-05
   6.5964840e-05
   6.6014917e-05
   6.6065031e-05
   6.6115183e-05
   6.6165374e-05
   6.6215602e-05
   6.6265869e-05
   6.6316174e-05
   6.6366517e-05
   6.6416898e-05
   6.6467317e-05
   6.6517775e-05
   6.6568271e-05
   6.6618806e-05
   6.6669378e-05
   6.6719989e-05
   6.6770639e-05
   6.6821327e-05
   6.6872053e-05
   6.6922818e-05
   6.6973622e-05
   6.7024464e-05
   6.7075345e-05
   6.7126264e-05
   6.7177222e-05
   6.7228219e-05
   6.7279254e-05
   6.7330328e-05
   6.7381441e-05
   6.7432593e-05
   6.7483783e-05
   6.7535012e-05
   6.7586281e-05
   6.7637588e-05
   6.7688934e-05
   6.7740319e-05
   6.7791743e-05
   6.7843206e-05
   6.7894709e-05
   6.7946250e-05
   6.7997830e-05
   6.8049450e-05
   6.8101109e-05
   6.8152807e-05
   6.8204544e-05
   6.8256321e-05
   6.8308136e-05
   6.8359992e-05
   6.8411886e-05
   6.8463820e-05
   6.8515793e-05
   6.8567806e-05
   6.8619858e-05
   6.8671950e-05
   6.8724082e-05
   6.8776253e-05
   6.8828463e-05
   6.8880713e-05
   6.8933003e-05
   6.8985333e-05
   6.9037702e-05
   6.9090111e-05
   6.9142560e-05
   6.9195048e-05
   6.9247577e-05
   6.9300145e-05
   6.9352753e-05
   6.9405401e-05
   6.9458090e-05
   6.9510818e-05
   6.9563586e-05
   6.9616394e-05
   6.9669242e-05
   6.9722131e-05
   6.9775059e-05
   6.9828028e-05
   6.9881037e-05
   6.9934086e-05
   6.9987176e-05
   7.0040306e-05
   7.0093476e-05
   7.0146686e-05
   7.0199937e-05
   7.0253228e-05
   7.0306560e-05
   7.0359932e-05
   7.0413345e-05
   7.0466798e-05
   7.0520292e-05
   7.0573827e-05
   7.0627402e-05
   7.0681018e-05
   7.0734674e-05
   7.0788371e-05
   7.0842109e-05
   7.0895888e-05
   7.0949708e-05
   7.1003568e-05
   7.1057470e-05
   7.1111412e-05
   7.1165395e-05
   7.1219419e-05
   7.1273485e-05
   7.1327591e-05
   7.1381738e-05
   7.1435927e-05
   7.1490156e-05
   7.1544427e-05
   7.1598739e-05
   7.1653092e-05
   7.1707487e-05
   7.1761922e-05
   7.1816399e-05
   7.1870918e-05
   7.1925478e-05
   7.1980079e-05
   7.2034722e-05
   7.2089406e-05
   7.2144131e-05
   7.2198899e-05
   7.2253707e-05
   7.2308558e-05
   7.2363450e-05
   7.2418383e-05
   7.2473359e-05
   7.2528376e-05
   7.2583435e-05
   7.2638536e-05
   7.2693678e-05
   7.2748862e-05
   7.2804089e-05
   7.2859357e-05
   7.2914667e-05
   7.2970019e-05
   7.3025413e-05
   7.3080850e-05
   7.3136328e-05
   7.3191848e-05
   7.3247411e-05
   7.3303016e-05
   7.3358663e-05
   7.3414352e-05
   7.3470083e-05
   7.3525857e-05
   7.3581673e-05
   7.3637532e-05
   7.3693433e-05
   7.3749376e-05
   7.3805362e-05
   7.3861390e-05
   7.3917461e-05
   7.3973574e-05
   7.4029730e-05
   7.4085929e-05
   7.4142170e-05
   7.4198454e-05
   7.4254781e-05
   7.4311150e-05
   7.4367563e-05
   7.4424018e-05
   7.4480516e-05
   7.4537057e-05
   7.4593640e-05
   7.4650267e-05
   7.4706937e-05
   7.4763650e-05
   7.4820405e-05
   7.4877204e-05
   7.4934046e-05
   7.4990931e-05
   7.5047860e-05
   7.5104831e-05
   7.5161846e-05
   7.5218904e-05
   7.5276005e-05
   7.5333150e-05
   7.5390338e-05
   7.5447570e-05
   7.5504845e-05
   7.5562163e-05
   7.5619525e-05
   7.5676931e-05
   7.5734380e-05
   7.5791872e-05
   7.5849409e-05
   7.5906989e-05
   7.5964612e-05
   7.6022280e-05
   7.6079991e-05
   7.6137746e-05
   7.6195545e-05
   7.6253388e-05
   7.6311275e-05
   7.6369205e-05
   7.6427180e-05
   7.6485198e-05
   7.6543261e-05
   7.6601368e-05
   7.6659519e-05
   7.6717714e-05
   7.6775953e-05
   7.6834236e-05
   7.6892564e-05
   7.6950936e-05
   7.7009352e-05
   7.7067813e-05
   7.7126318e-05
   7.7184867e-05
   7.7243461e-05
   7.7302099e-05
   7.7360782e-05
   7.7419509e-05
   7.7478281e-05
   7.7537098e-05
   7.7595959e-05
   7.7654865e-05
   7.7713815e-05
   7.7772811e-05
   7.7831851e-05
   7.7890936e-05
   7.7950066e-05
   7.8009240e-05
   7.8068460e-05
   7.8127725e-05
   7.8187034e-05
   7.8246389e-05
   7.8305788e-05
   7.8365233e-05
   7.8424723e-05
   7.8484258e-05
   7.8543838e-05
   7.8603464e-05
   7.8663134e-05
   7.8722850e-05
   7.8782612e-05
   7.8842418e-05
   7.8902271e-05
   7.8962168e-05
   7.9022111e-05
   7.9082100e-05
   7.9142134e-05
   7.9202213e-05
   7.9262339e-05
   7.9322510e-05
   7.9382726e-05
   7.9442988e-05
   7.9503296e-05
   7.9563650e-05
   7.9624050e-05
   7.9684495e-05
   7.9744987e-05
   7.9805524e-05
   7.9866107e-05
   7.9926736e-05
   7.9987412e-05
   8.0048133e-05
   8.0108900e-05
   8.0169714e-05
   8.0230574e-05
   8.0291480e-05
   8.0352432e-05
   8.0413430e-05
   8.0474475e-05
   8.0535566e-05
   8.0596703e-05
   8.0657887e-05
   8.0719118e-05
   8.0780394e-05
   8.0841718e-05
   8.0903088e-05
   8.0964504e-05
   8.1025967e-05
   8.1087477e-05
   8.1149033e-05
   8.1210636e-05
   8.1272286e-05
   8.1333983e-05
   8.1395727e-05
   8.1457517e-05
   8.1519354e-05
   8.1581239e-05
   8.1643170e-05
   8.1705148e-05
   8.1767173e-05
   8.1829246e-05
   8.1891365e-05
   8.1953532e-05
   8.2015746e-05
   8.2078007e-05
   8.2140315e-05
   8.2202671e-05
   8.2265074e-05
   8.2327525e-05
   8.2390022e-05
   8.2452568e-05
   8.2515160e-05
   8.2577800e-05
   8.2640488e-05
   8.2703224e-05
   8.2766007e-05
   8.2828837e-05
   8.2891716e-05
   8.2954642e-05
   8.3017616e-05
   8.3080637e-05
   8.3143707e-05
   8.3206824e-05
   8.3269989e-05
   8.3333203e-05
   8.3396464e-05
   8.3459773e-05
   8.3523130e-05
   8.3586536e-05
   8.3649989e-05
   8.3713491e-05
   8.3777041e-05
   8.3840639e-05
   8.3904286e-05
   8.3967980e-05
   8.4031724e-05
   8.4095515e-05
   8.4159355e-05
   8.4223243e-05
   8.4287180e-05
   8.4351166e-05
   8.4415200e-05
   8.4479282e-05
   8.4543414e-05
   8.4607594e-05
   8.4671822e-05
   8.4736100e-05
   8.4800426e-05
   8.4864801e-05
   8.4929225e-05
   8.4993698e-05
   8.5058219e-05
   8.5122790e-05
   8.5187410e-05
   8.5252079e-05
   8.5316797e-05
   8.5381564e-05
   8.5446380e-05
   8.5511245e-05
   8.5576160e-05
   8.5641124e-05
   8.5706137e-05
   8.5771200e-05
   8.5836312e-05
   8.5901473e-05
   8.5966684e-05
   8.6031945e-05
   8.6097255e-05
   8.6162614e-05
   8.6228023e-05
   8.6293482e-05
   8.6358991e-05
   8.6424549e-05
   8.6490157e-05
   8.6555815e-05
   8.6621522e-05
   8.6687280e-05
   8.6753087e-05
   8.6818945e-05
   8.6884852e-05
   8.6950809e-05
   8.7016817e-05
   8.7082874e-05
   8.7148982e-05
   8.7215140e-05
   8.7281348e-05
   8.7347607e-05
   8.7413915e-05
   8.7480274e-05
   8.7546684e-05
   8.7613144e-05
   8.7679654e-05
   8.7746215e-05
   8.7812826e-05
   8.7879488e-05
   8.7946200e-05
   8.8012964e-05
   8.8079777e-05
   8.8146642e-05
   8.8213557e-05
   8.8280523e-05
   8.8347540e-05
   8.8414608e-05
   8.8481727e-05
   8.8548896e-05
   8.8616117e-05
   8.8683389e-05
   8.8750711e-05
   8.8818085e-05
   8.8885510e-05
   8.8952986e-05
   8.9020514e-05
   8.9088093e-05
   8.9155723e-05
   8.9223404e-05
   8.9291137e-05
   8.9358921e-05
   8.9426756e-05
   8.9494643e-05
   8.9562582e-05
   8.9630572e-05
   8.9698614e-05
   8.9766707e-05
   8.9834852e-05
   8.9903049e-05
   8.9971298e-05
   9.0039598e-05
   9.0107951e-05
   9.0176355e-05
   9.0244811e-05
   9.0313319e-05
   9.0381879e-05
   9.0450491e-05
   9.0519156e-05
   9.0587872e-05
   9.0656640e-05
   9.0725461e-05
   9.0794334e-05
   9.0863259e-05
   9.0932237e-05
   9.1001267e-05
   9.1070349e-05
   9.1139484e-05
   9.1208671e-05
   9.1277911e-05
   9.1347203e-05
   9.1416548e-05
   9.1485946e-05
   9.1555396e-05
   9.1624899e-05
   9.1694455e-05
   9.1764064e-05
   9.1833725e-05
   9.1903439e-05
   9.1973206e-05
   9.2043027e-05
   9.2112900e-05
   9.2182826e-05
   9.2252805e-05
   9.2322838e-05
   9.2392923e-05
   9.2463062e-05
   9.2533254e-05
   9.2603499e-05
   9.2673798e-05
   9.2744150e-05
   9.2814556e-05
   9.2885014e-05
   9.2955527e-05
   9.3026093e-05
   9.3096712e-05
   9.3167385e-05
   9.3238112e-05
   9.3308892e-05
   9.3379726e-05
   9.3450614e-05
   9.3521556e-05
   9.3592552e-05
   9.3663601e-05
   9.3734705e-05
   9.3805862e-05
   9.3877073e-05
   9.3948339e-05
   9.4019658e-05
   9.4091032e-05
   9.4162460e-05
   9.4233942e-05
   9.4305478e-05
   9.4377069e-05
   9.4448714e-05
   9.4520414e-05
   9.4592167e-05
   9.4663976e-05
   9.4735839e-05
   9.4807756e-05
   9.4879728e-05
   9.4951755e-05
   9.5023836e-05
   9.5095972e-05
   9.5168163e-05
   9.5240408e-05
   9.5312709e-05
   9.5385064e-05
   9.5457474e-05
   9.5529939e-05
   9.5602460e-05
   9.5675035e-05
   9.5747665e-05
   9.5820351e-05
   9.5893091e-05
   9.5965887e-05
   9.6038738e-05
   9.6111645e-05
   9.6184607e-05
   9.6257624e-05
   9.6330697e-05
   9.6403825e-05
   9.6477008e-05
   9.6550247e-05
   9.6623542e-05
   9.6696893e-05
   9.6770299e-05
   9.6843761e-05
   9.6917278e-05
   9.6990852e-05
   9.7064481e-05
   9.7138166e-05
   9.7211907e-05
   9.7285704e-05
   9.7359557e-05
   9.7433466e-05
   9.7507431e-05
   9.7581453e-05
   9.7655530e-05
   9.7729664e-05
   9.7803854e-05
   9.7878101e-05
   9.7952404e-05
   9.8026763e-05
   9.8101178e-05
   9.8175651e-05
   9.8250179e-05
   9.8324765e-05
   9.8399406e-05
   9.8474105e-05
   9.8548860e-05
   9.8623672e-05
   9.8698541e-05
   9.8773467e-05
   9.8848449e-05
   9.8923488e-05
   9.8998585e-05
   9.9073738e-05
   9.9148949e-05
   9.9224216e-05
   9.9299541e-05
   9.9374923e-05
   9.9450362e-05
   9.9525858e-05
   9.9601412e-05
   9.9677023e-05
   9.9752691e-05
   9.9828417e-05
   9.9904200e-05
   9.9980041e-05
   1.0005594e-04
   1.0013190e-04
   1.0020791e-04
   1.0028398e-04
   1.0036011e-04
   1.0043630e-04
   1.0051254e-04
   1.0058884e-04
   1.0066521e-04
   1.0074162e-04
   1.0081810e-04
   1.0089464e-04
   1.0097123e-04
   1.0104788e-04
   1.0112459e-04
   1.0120136e-04
   1.0127818e-04
   1.0135506e-04
   1.0143201e-04
   1.0150901e-04
   1.0158607e-04
   1.0166318e-04
   1.0174036e-04
   1.0181760e-04
   1.0189489e-04
   1.0197224e-04
   1.0204965e-04
   1.0212712e-04
   1.0220465e-04
   1.0228224e-04
   1.0235988e-04
   1.0243759e-04
   1.0251535e-04
   1.0259318e-04
   1.0267106e-04
   1.0274900e-04
   1.0282700e-04
   1.0290506e-04
   1.0298318e-04
   1.0306136e-04
   1.0313959e-04
   1.0321789e-04
   1.0329625e-04
   1.0337466e-04
   1.0345314e-04
   1.0353167e-04
   1.0361027e-04
   1.0368892e-04
   1.0376764e-04
   1.0384641e-04
   1.0392524e-04
   1.0400414e-04
   1.0408309e-04
   1.0416210e-04
   1.0424118e-04
   1.0432031e-04
   1.0439950e-04
   1.0447876e-04
   1.0455807e-04
   1.0463744e-04
   1.0471688e-04
   1.0479637e-04
   1.0487593e-04
   1.0495554e-04
   1.0503522e-04
   1.0511495e-04
   1.0519475e-04
   1.0527461e-04
   1.0535452e-04
   1.0543450e-04
   1.0551454e-04
   1.0559464e-04
   1.0567480e-04
   1.0575502e-04
   1.0583531e-04
   1.0591565e-04
   1.0599605e-04
   1.0607652e-04
   1.0615705e-04
   1.0623763e-04
   1.0631828e-04
   1.0639899e-04
   1.0647976e-04
   1.0656060e-04
   1.0664149e-04
   1.0672245e-04
   1.0680346e-04
   1.0688454e-04
   1.0696568e-04
   1.0704688e-04
   1.0712815e-04
   1.0720947e-04
   1.0729086e-04
   1.0737231e-04
   1.0745382e-04
   1.0753539e-04
   1.0761702e-04
   1.0769872e-04
   1.0778048e-04
   1.0786230e-04
   1.0794418e-04
   1.0802612e-04
   1.0810813e-04
   1.0819020e-04
   1.0827233e-04
   1.0835452e-04
   1.0843678e-04
   1.0851910e-04
   1.0860148e-04
   1.0868392e-04
   1.0876643e-04
   1.0884899e-04
   1.0893163e-04
   1.0901432e-04
   1.0909708e-04
   1.0917990e-04
   1.0926278e-04
   1.0934572e-04
   1.0942873e-04
   1.0951180e-04
   1.0959494e-04
   1.0967814e-04
   1.0976140e-04
   1.0984472e-04
   1.0992811e-04
   1.1001156e-04
   1.1009507e-04
   1.1017865e-04
   1.1026229e-04
   1.1034599e-04
   1.1042976e-04
   1.1051359e-04
   1.1059749e-04
   1.1068145e-04
   1.1076547e-04
   1.1084955e-04
   1.1093370e-04
   1.1101792e-04
   1.1110219e-04
   1.1118654e-04
   1.1127094e-04
   1.1135541e-04
   1.1143995e-04
   1.1152454e-04
   1.1160921e-04
   1.1169393e-04
   1.1177872e-04
   1.1186358e-04
   1.1194850e-04
   1.1203348e-04
   1.1211853e-04
   1.1220364e-04
   1.1228882e-04
   1.1237406e-04
   1.1245937e-04
   1.1254474e-04
   1.1263018e-04
   1.1271568e-04
   1.1280125e-04
   1.1288688e-04
   1.1297258e-04
   1.1305834e-04
   1.1314417e-04
   1.1323006e-04
   1.1331601e-04
   1.1340204e-04
   1.1348812e-04
   1.1357428e-04
   1.1366049e-04
   1.1374678e-04
   1.1383313e-04
   1.1391954e-04
   1.1400602e-04
   1.1409257e-04
   1.1417918e-04
   1.1426586e-04
   1.1435260e-04
   1.1443941e-04
   1.1452629e-04
   1.1461323e-04
   1.1470023e-04
   1.1478731e-04
   1.1487445e-04
   1.1496165e-04
   1.1504892e-04
   1.1513626e-04
   1.1522367e-04
   1.1531114e-04
   1.1539867e-04
   1.1548628e-04
   1.1557395e-04
   1.1566168e-04
   1.1574948e-04
   1.1583735e-04
   1.1592529e-04
   1.1601329e-04
   1.1610136e-04
   1.1618950e-04
   1.1627770e-04
   1.1636597e-04
   1.1645431e-04
   1.1654272e-04
   1.1663119e-04
   1.1671973e-04
   1.1680833e-04
   1.1689701e-04
   1.1698575e-04
   1.1707456e-04
   1.1716343e-04
   1.1725237e-04
   1.1734138e-04
   1.1743046e-04
   1.1751961e-04
   1.1760882e-04
   1.1769810e-04
   1.1778745e-04
   1.1787687e-04
   1.1796635e-04
   1.1805591e-04
   1.1814553e-04
   1.1823521e-04
   1.1832497e-04
   1.1841480e-04
   1.1850469e-04
   1.1859465e-04
   1.1868468e-04
   1.1877478e-04
   1.1886494e-04
   1.1895518e-04
   1.1904548e-04
   1.1913585e-04
   1.1922629e-04
   1.1931680e-04
   1.1940738e-04
   1.1949803e-04
   1.1958874e-04
   1.1967953e-04
   1.1977038e-04
   1.1986130e-04
   1.1995229e-04
   1.2004335e-04
   1.2013448e-04
   1.2022568e-04
   1.2031695e-04
   1.2040828e-04
   1.2049969e-04
   1.2059117e-04
   1.2068271e-04
   1.2077433e-04
   1.2086601e-04
   1.2095776e-04
   1.2104959e-04
   1.2114148e-04
   1.2123344e-04
   1.2132548e-04
   1.2141758e-04
   1.2150975e-04
   1.2160199e-04
   1.2169431e-04
   1.2178669e-04
   1.2187914e-04
   1.2197166e-04
   1.2206426e-04
   1.2215692e-04
   1.2224965e-04
   1.2234246e-04
   1.2243533e-04
   1.2252828e-04
   1.2262129e-04
   1.2271438e-04
   1.2280754e-04
   1.2290076e-04
   1.2299406e-04
   1.2308743e-04
   1.2318087e-04
   1.2327438e-04
   1.2336796e-04
   1.2346162e-04
   1.2355534e-04
   1.2364914e-04
   1.2374300e-04
   1.2383694e-04
   1.2393095e-04
   1.2402503e-04
   1.2411918e-04
   1.2421341e-04
   1.2430770e-04
   1.2440207e-04
   1.2449651e-04
   1.2459102e-04
   1.2468560e-04
   1.2478025e-04
   1.2487498e-04
   1.2496977e-04
   1.2506464e-04
   1.2515958e-04
   1.2525460e-04
   1.2534968e-04
   1.2544484e-04
   1.2554007e-04
   1.2563537e-04
   1.2573074e-04
   1.2582619e-04
   1.2592171e-04
   1.2601730e-04
   1.2611297e-04
   1.2620870e-04
   1.2630451e-04
   1.2640040e-04
   1.2649635e-04
   1.2659238e-04
   1.2668848e-04
   1.2678465e-04
   1.2688090e-04
   1.2697722e-04
   1.2707361e-04
   1.2717008e-04
   1.2726662e-04
   1.2736323e-04
   1.2745992e-04
   1.2755668e-04
   1.2765351e-04
   1.2775042e-04
   1.2784740e-04
   1.2794445e-04
   1.2804158e-04
   1.2813878e-04
   1.2823605e-04
   1.2833340e-04
   1.2843082e-04
   1.2852832e-04
   1.2862589e-04
   1.2872353e-04
   1.2882125e-04
   1.2891905e-04
   1.2901691e-04
   1.2911485e-04
   1.2921287e-04
   1.2931096e-04
   1.2940912e-04
   1.2950736e-04
   1.2960568e-04
   1.2970407e-04
   1.2980253e-04
   1.2990107e-04
   1.2999968e-04
   1.3009837e-04
   1.3019713e-04
   1.3029597e-04
   1.3039488e-04
   1.3049387e-04
   1.3059293e-04
   1.3069207e-04
   1.3079128e-04
   1.3089057e-04
   1.3098993e-04
   1.3108937e-04
   1.3118889e-04
   1.3128848e-04
   1.3138814e-04
   1.3148788e-04
   1.3158770e-04
   1.3168759e-04
   1.3178756e-04
   1.3188761e-04
   1.3198773e-04
   1.3208792e-04
   1.3218820e-04
   1.3228855e-04
   1.3238897e-04
   1.3248947e-04
   1.3259005e-04
   1.3269070e-04
   1.3279143e-04
   1.3289224e-04
   1.3299312e-04
   1.3309408e-04
   1.3319512e-04
   1.3329623e-04
   1.3339742e-04
   1.3349869e-04
   1.3360003e-04
   1.3370145e-04
   1.3380295e-04
   1.3390453e-04
   1.3400618e-04
   1.3410791e-04
   1.3420971e-04
   1.3431160e-04
   1.3441356e-04
   1.3451560e-04
   1.3461771e-04
   1.3471990e-04
   1.3482218e-04
   1.3492452e-04
   1.3502695e-04
   1.3512945e-04
   1.3523204e-04
   1.3533469e-04
   1.3543743e-04
   1.3554025e-04
   1.3564314e-04
   1.3574611e-04
   1.3584916e-04
   1.3595229e-04
   1.3605550e-04
   1.3615878e-04
   1.3626214e-04
   1.3636559e-04
   1.3646911e-04
   1.3657270e-04
   1.3667638e-04
   1.3678014e-04
   1.3688397e-04
   1.3698789e-04
   1.3709188e-04
   1.3719595e-04
   1.3730010e-04
   1.3740433e-04
   1.3750864e-04
   1.3761303e-04
   1.3771749e-04
   1.3782204e-04
   1.3792666e-04
   1.3803137e-04
   1.3813615e-04
   1.3824102e-04
   1.3834596e-04
   1.3845099e-04
   1.3855609e-04
   1.3866127e-04
   1.3876653e-04
   1.3887188e-04
   1.3897730e-04
   1.3908280e-04
   1.3918839e-04
   1.3929405e-04
   1.3939979e-04
   1.3950561e-04
   1.3961152e-04
   1.3971750e-04
   1.3982357e-04
   1.3992971e-04
   1.4003594e-04
   1.4014224e-04
   1.4024863e-04
   1.4035510e-04
   1.4046165e-04
   1.4056828e-04
   1.4067499e-04
   1.4078178e-04
   1.4088865e-04
   1.4099561e-04
   1.4110264e-04
   1.4120976e-04
   1.4131695e-04
   1.4142423e-04
   1.4153159e-04
   1.4163903e-04
   1.4174656e-04
   1.4185416e-04
   1.4196185e-04
   1.4206962e-04
   1.4217747e-04
   1.4228540e-04
   1.4239341e-04
   1.4250151e-04
   1.4260969e-04
   1.4271795e-04
   1.4282629e-04
   1.4293471e-04
   1.4304322e-04
   1.4315181e-04
   1.4326048e-04
   1.4336924e-04
   1.4347807e-04
   1.4358699e-04
   1.4369599e-04
   1.4380508e-04
   1.4391425e-04
   1.4402350e-04
   1.4413283e-04
   1.4424225e-04
   1.4435175e-04
   1.4446133e-04
   1.4457100e-04
   1.4468074e-04
   1.4479058e-04
   1.4490049e-04
   1.4501049e-04
   1.4512057e-04
   1.4523074e-04
   1.4534099e-04
   1.4545132e-04
   1.4556174e-04
   1.4567224e-04
   1.4578283e-04
   1.4589350e-04
   1.4600425e-04
   1.4611509e-04
   1.4622601e-04
   1.4633701e-04
   1.4644810e-04
   1.4655928e-04
   1.4667054e-04
   1.4678188e-04
   1.4689331e-04
   1.4700482e-04
   1.4711641e-04
   1.4722810e-04
   1.4733986e-04
   1.4745171e-04
   1.4756365e-04
   1.4767567e-04
   1.4778778e-04
   1.4789997e-04
   1.4801224e-04
   1.4812460e-04
   1.4823705e-04
   1.4834958e-04
   1.4846220e-04
   1.4857490e-04
   1.4868769e-04
   1.4880057e-04
   1.4891353e-04
   1.4902657e-04
   1.4913970e-04
   1.4925292e-04
   1.4936622e-04
   1.4947961e-04
   1.4959309e-04
   1.4970665e-04
   1.4982030e-04
   1.4993403e-04
   1.5004785e-04
   1.5016176e-04
   1.5027575e-04
   1.5038983e-04
   1.5050400e-04
   1.5061825e-04
   1.5073259e-04
   1.5084702e-04
   1.5096153e-04
   1.5107613e-04
   1.5119082e-04
   1.5130559e-04
   1.5142045e-04
   1.5153540e-04
   1.5165044e-04
   1.5176556e-04
   1.5188077e-04
   1.5199607e-04
   1.5211146e-04
   1.5222693e-04
   1.5234249e-04
   1.5245814e-04
   1.5257388e-04
   1.5268970e-04
   1.5280561e-04
   1.5292161e-04
   1.5303770e-04
   1.5315388e-04
   1.5327014e-04
   1.5338650e-04
   1.5350294e-04
   1.5361947e-04
   1.5373608e-04
   1.5385279e-04
   1.5396959e-04
   1.5408647e-04
   1.5420344e-04
   1.5432050e-04
   1.5443765e-04
   1.5455489e-04
   1.5467222e-04
   1.5478964e-04
   1.5490714e-04
   1.5502474e-04
   1.5514243e-04
   1.5526020e-04
   1.5537806e-04
   1.5549602e-04
   1.5561406e-04
   1.5573219e-04
   1.5585041e-04
   1.5596872e-04
   1.5608713e-04
   1.5620562e-04
   1.5632420e-04
   1.5644287e-04
   1.5656163e-04
   1.5668048e-04
   1.5679942e-04
   1.5691846e-04
   1.5703758e-04
   1.5715679e-04
   1.5727610e-04
   1.5739549e-04
   1.5751497e-04
   1.5763455e-04
   1.5775422e-04
   1.5787397e-04
   1.5799382e-04
   1.5811376e-04
   1.5823379e-04
   1.5835391e-04
   1.5847412e-04
   1.5859443e-04
   1.5871482e-04
   1.5883531e-04
   1.5895588e-04
   1.5907655e-04
   1.5919731e-04
   1.5931817e-04
   1.5943911e-04
   1.5956015e-04
   1.5968127e-04
   1.5980249e-04
   1.5992381e-04
   1.6004521e-04
   1.6016671e-04
   1.6028829e-04
   1.6040997e-04
   1.6053175e-04
   1.6065361e-04
   1.6077557e-04
   1.6089762e-04
   1.6101976e-04
   1.6114200e-04
   1.6126433e-04
   1.6138675e-04
   1.6150927e-04
   1.6163187e-04
   1.6175457e-04
   1.6187737e-04
   1.6200025e-04
   1.6212323e-04
   1.6224631e-04
   1.6236947e-04
   1.6249274e-04
   1.6261609e-04
   1.6273954e-04
   1.6286308e-04
   1.6298671e-04
   1.6311044e-04
   1.6323427e-04
   1.6335818e-04
   1.6348219e-04
   1.6360630e-04
   1.6373050e-04
   1.6385479e-04
   1.6397918e-04
   1.6410366e-04
   1.6422824e-04
   1.6435291e-04
   1.6447768e-04
   1.6460254e-04
   1.6472749e-04
   1.6485254e-04
   1.6497769e-04
   1.6510293e-04
   1.6522827e-04
   1.6535370e-04
   1.6547922e-04
   1.6560484e-04
   1.6573056e-04
   1.6585637e-04
   1.6598228e-04
   1.6610828e-04
   1.6623438e-04
   1.6636058e-04
   1.6648687e-04
   1.6661325e-04
   1.6673974e-04
   1.6686631e-04
   1.6699299e-04
   1.6711976e-04
   1.6724662e-04
   1.6737359e-04
   1.6750065e-04
   1.6762780e-04
   1.6775506e-04
   1.6788240e-04
   1.6800985e-04
   1.6813739e-04
   1.6826503e-04
   1.6839277e-04
   1.6852060e-04
   1.6864853e-04
   1.6877656e-04
   1.6890468e-04
   1.6903290e-04
   1.6916122e-04
   1.6928964e-04
   1.6941815e-04
   1.6954676e-04
   1.6967547e-04
   1.6980428e-04
   1.6993318e-04
   1.7006219e-04
   1.7019129e-04
   1.7032049e-04
   1.7044978e-04
   1.7057918e-04
   1.7070867e-04
   1.7083826e-04
   1.7096795e-04
   1.7109774e-04
   1.7122762e-04
   1.7135761e-04
   1.7148769e-04
   1.7161788e-04
   1.7174816e-04
   1.7187854e-04
   1.7200902e-04
   1.7213959e-04
   1.7227027e-04
   1.7240105e-04
   1.7253192e-04
   1.7266290e-04
   1.7279397e-04
   1.7292515e-04
   1.7305642e-04
   1.7318780e-04
   1.7331927e-04
   1.7345084e-04
   1.7358251e-04
   1.7371429e-04
   1.7384616e-04
   1.7397813e-04
   1.7411021e-04
   1.7424238e-04
   1.7437465e-04
   1.7450703e-04
   1.7463950e-04
   1.7477208e-04
   1.7490475e-04
   1.7503753e-04
   1.7517041e-04
   1.7530338e-04
   1.7543646e-04
   1.7556964e-04
   1.7570292e-04
   1.7583631e-04
   1.7596979e-04
   1.7610338e-04
   1.7623706e-04
   1.7637085e-04
   1.7650474e-04
   1.7663873e-04
   1.7677282e-04
   1.7690702e-04
   1.7704131e-04
   1.7717571e-04
   1.7731021e-04
   1.7744482e-04
   1.7757952e-04
   1.7771433e-04
   1.7784924e-04
   1.7798425e-04
   1.7811936e-04
   1.7825458e-04
   1.7838990e-04
   1.7852532e-04
   1.7866085e-04
   1.7879647e-04
   1.7893220e-04
   1.7906804e-04
   1.7920398e-04
   1.7934002e-04
   1.7947616e-04
   1.7961241e-04
   1.7974876e-04
   1.7988521e-04
   1.8002177e-04
   1.8015843e-04
   1.8029519e-04
   1.8043206e-04
   1.8056903e-04
   1.8070611e-04
   1.8084329e-04
   1.8098058e-04
   1.8111796e-04
   1.8125546e-04
   1.8139306e-04
   1.8153076e-04
   1.8166856e-04
   1.8180648e-04
   1.8194449e-04
   1.8208261e-04
   1.8222084e-04
   1.8235917e-04
   1.8249760e-04
   1.8263614e-04
   1.8277479e-04
   1.8291354e-04
   1.8305240e-04
   1.8319136e-04
   1.8333043e-04
   1.8346960e-04
   1.8360888e-04
   1.8374826e-04
   1.8388775e-04
   1.8402735e-04
   1.8416705e-04
   1.8430686e-04
   1.8444677e-04
   1.8458679e-04
   1.8472692e-04
   1.8486715e-04
   1.8500749e-04
   1.8514793e-04
   1.8528849e-04
   1.8542915e-04
   1.8556991e-04
   1.8571078e-04
   1.8585176e-04
   1.8599285e-04
   1.8613405e-04
   1.8627535e-04
   1.8641675e-04
   1.8655827e-04
   1.8669989e-04
   1.8684162e-04
   1.8698346e-04
   1.8712541e-04
   1.8726746e-04
   1.8740962e-04
   1.8755189e-04
   1.8769427e-04
   1.8783676e-04
   1.8797935e-04
   1.8812205e-04
   1.8826486e-04
   1.8840778e-04
   1.8855081e-04
   1.8869394e-04
   1.8883719e-04
   1.8898054e-04
   1.8912400e-04
   1.8926757e-04
   1.8941125e-04
   1.8955504e-04
   1.8969894e-04
   1.8984295e-04
   1.8998706e-04
   1.9013129e-04
   1.9027562e-04
   1.9042007e-04
   1.9056462e-04
   1.9070929e-04
   1.9085406e-04
   1.9099895e-04
   1.9114394e-04
   1.9128905e-04
   1.9143426e-04
   1.9157959e-04
   1.9172502e-04
   1.9187057e-04
   1.9201622e-04
   1.9216199e-04
   1.9230786e-04
   1.9245385e-04
   1.9259995e-04
   1.9274616e-04
   1.9289248e-04
   1.9303891e-04
   1.9318546e-04
   1.9333211e-04
   1.9347888e-04
   1.9362575e-04
   1.9377274e-04
   1.9391984e-04
   1.9406705e-04
   1.9421437e-04
   1.9436181e-04
   1.9450936e-04
   1.9465702e-04
   1.9480479e-04
   1.9495267e-04
   1.9510067e-04
   1.9524877e-04
   1.9539699e-04
   1.9554533e-04
   1.9569377e-04
   1.9584233e-04
   1.9599100e-04
   1.9613979e-04
   1.9628868e-04
   1.9643769e-04
   1.9658682e-04
   1.9673605e-04
   1.9688540e-04
   1.9703486e-04
   1.9718444e-04
   1.9733413e-04
   1.9748393e-04
   1.9763385e-04
   1.9778388e-04
   1.9793403e-04
   1.9808429e-04
   1.9823466e-04
   1.9838514e-04
   1.9853575e-04
   1.9868646e-04
   1.9883729e-04
   1.9898824e-04
   1.9913930e-04
   1.9929047e-04
   1.9944176e-04
   1.9959316e-04
   1.9974468e-04
   1.9989631e-04
   2.0004806e-04
   2.0019993e-04
   2.0035190e-04
   2.0050400e-04
   2.0065621e-04
   2.0080853e-04
   2.0096097e-04
   2.0111353e-04
   2.0126620e-04
   2.0141899e-04
   2.0157190e-04
   2.0172492e-04
   2.0187805e-04
   2.0203131e-04
   2.0218468e-04
   2.0233816e-04
   2.0249176e-04
   2.0264548e-04
   2.0279932e-04
   2.0295327e-04
   2.0310734e-04
   2.0326153e-04
   2.0341583e-04
   2.0357025e-04
   2.0372479e-04
   2.0387944e-04
   2.0403421e-04
   2.0418910e-04
   2.0434411e-04
   2.0449924e-04
   2.0465448e-04
   2.0480984e-04
   2.0496532e-04
   2.0512091e-04
   2.0527663e-04
   2.0543246e-04
   2.0558841e-04
   2.0574448e-04
   2.0590067e-04
   2.0605698e-04
   2.0621340e-04
   2.0636995e-04
   2.0652661e-04
   2.0668339e-04
   2.0684029e-04
   2.0699731e-04
   2.0715445e-04
   2.0731171e-04
   2.0746909e-04
   2.0762658e-04
   2.0778420e-04
   2.0794194e-04
   2.0809979e-04
   2.0825777e-04
   2.0841587e-04
   2.0857408e-04
   2.0873242e-04
   2.0889087e-04
   2.0904945e-04
   2.0920815e-04
   2.0936696e-04
   2.0952590e-04
   2.0968496e-04
   2.0984414e-04
   2.1000344e-04
   2.1016286e-04
   2.1032240e-04
   2.1048207e-04
   2.1064185e-04
   2.1080176e-04
   2.1096179e-04
   2.1112193e-04
   2.1128220e-04
   2.1144260e-04
   2.1160311e-04
   2.1176375e-04
   2.1192450e-04
   2.1208538e-04
   2.1224638e-04
   2.1240751e-04
   2.1256875e-04
   2.1273012e-04
   2.1289161e-04
   2.1305323e-04
   2.1321496e-04
   2.1337682e-04
   2.1353881e-04
   2.1370091e-04
   2.1386314e-04
   2.1402549e-04
   2.1418796e-04
   2.1435056e-04
   2.1451328e-04
   2.1467613e-04
   2.1483910e-04
   2.1500219e-04
   2.1516540e-04
   2.1532874e-04
   2.1549221e-04
   2.1565580e-04
   2.1581951e-04
   2.1598334e-04
   2.1614730e-04
   2.1631139e-04
   2.1647560e-04
   2.1663993e-04
   2.1680439e-04
   2.1696898e-04
   2.1713369e-04
   2.1729852e-04
   2.1746348e-04
   2.1762856e-04
   2.1779377e-04
   2.1795911e-04
   2.1812457e-04
   2.1829016e-04
   2.1845587e-04
   2.1862170e-04
   2.1878767e-04
   2.1895376e-04
   2.1911997e-04
   2.1928632e-04
   2.1945278e-04
   2.1961938e-04
   2.1978610e-04
   2.1995295e-04
   2.2011992e-04
   2.2028702e-04
   2.2045425e-04
   2.2062160e-04
   2.2078909e-04
   2.2095670e-04
   2.2112443e-04
   2.2129229e-04
   2.2146029e-04
   2.2162840e-04
   2.2179665e-04
   2.2196502e-04
   2.2213353e-04
   2.2230216e-04
   2.2247091e-04
   2.2263980e-04
   2.2280881e-04
   2.2297795e-04
   2.2314723e-04
   2.2331662e-04
   2.2348615e-04
   2.2365581e-04
   2.2382559e-04
   2.2399551e-04
   2.2416555e-04
   2.2433572e-04
   2.2450602e-04
   2.2467645e-04
   2.2484701e-04
   2.2501770e-04
   2.2518852e-04
   2.2535947e-04
   2.2553055e-04
   2.2570176e-04
   2.2587310e-04
   2.2604457e-04
   2.2621616e-04
   2.2638789e-04
   2.2655975e-04
   2.2673174e-04
   2.2690386e-04
   2.2707611e-04
   2.2724849e-04
   2.2742101e-04
   2.2759365e-04
   2.2776643e-04
   2.2793933e-04
   2.2811237e-04
   2.2828554e-04
   2.2845884e-04
   2.2863227e-04
   2.2880583e-04
   2.2897952e-04
   2.2915335e-04
   2.2932731e-04
   2.2950140e-04
   2.2967562e-04
   2.2984998e-04
   2.3002447e-04
   2.3019909e-04
   2.3037384e-04
   2.3054872e-04
   2.3072374e-04
   2.3089889e-04
   2.3107418e-04
   2.3124959e-04
   2.3142514e-04
   2.3160083e-04
   2.3177664e-04
   2.3195259e-04
   2.3212868e-04
   2.3230489e-04
   2.3248124e-04
   2.3265773e-04
   2.3283435e-04
   2.3301110e-04
   2.3318799e-04
   2.3336501e-04
   2.3354216e-04
   2.3371945e-04
   2.3389688e-04
   2.3407444e-04
   2.3425213e-04
   2.3442996e-04
   2.3460793e-04
   2.3478603e-04
   2.3496426e-04
   2.3514263e-04
   2.3532114e-04
   2.3549978e-04
   2.3567855e-04
   2.3585746e-04
   2.3603651e-04
   2.3621570e-04
   2.3639502e-04
   2.3657447e-04
   2.3675406e-04
   2.3693379e-04
   2.3711366e-04
   2.3729366e-04
   2.3747380e-04
   2.3765407e-04
   2.3783448e-04
   2.3801503e-04
   2.3819572e-04
   2.3837654e-04
   2.3855750e-04
   2.3873860e-04
   2.3891983e-04
   2.3910121e-04
   2.3928272e-04
   2.3946437e-04
   2.3964615e-04
   2.3982808e-04
   2.4001014e-04
   2.4019234e-04
   2.4037468e-04
   2.4055715e-04
   2.4073977e-04
   2.4092252e-04
   2.4110542e-04
   2.4128845e-04
   2.4147162e-04
   2.4165493e-04
   2.4183838e-04
   2.4202197e-04
   2.4220569e-04
   2.4238956e-04
   2.4257357e-04
   2.4275771e-04
   2.4294200e-04
   2.4312643e-04
   2.4331099e-04
   2.4349570e-04
   2.4368054e-04
   2.4386553e-04
   2.4405066e-04
   2.4423593e-04
   2.4442133e-04
   2.4460688e-04
   2.4479257e-04
   2.4497840e-04
   2.4516438e-04
   2.4535049e-04
   2.4553674e-04
   2.4572314e-04
   2.4590968e-04
   2.4609636e-04
   2.4628318e-04
   2.4647014e-04
   2.4665724e-04
   2.4684449e-04
   2.4703188e-04
   2.4721941e-04
   2.4740708e-04
   2.4759490e-04
   2.4778286e-04
   2.4797096e-04
   2.4815920e-04
   2.4834759e-04
   2.4853612e-04
   2.4872479e-04
   2.4891360e-04
   2.4910256e-04
   2.4929167e-04
   2.4948091e-04
   2.4967030e-04
   2.4985984e-04
   2.5004951e-04
   2.5023934e-04
   2.5042930e-04
   2.5061941e-04
   2.5080967e-04
   2.5100006e-04
   2.5119061e-04
   2.5138130e-04
   2.5157213e-04
   2.5176311e-04
   2.5195423e-04
   2.5214550e-04
   2.5233691e-04
   2.5252847e-04
   2.5272017e-04
   2.5291202e-04
   2.5310401e-04
   2.5329615e-04
   2.5348844e-04
   2.5368087e-04
   2.5387345e-04
   2.5406617e-04
   2.5425905e-04
   2.5445206e-04
   2.5464523e-04
   2.5483854e-04
   2.5503199e-04
   2.5522560e-04
   2.5541935e-04
   2.5561325e-04
   2.5580729e-04
   2.5600148e-04
   2.5619582e-04
   2.5639031e-04
   2.5658495e-04
   2.5677973e-04
   2.5697466e-04
   2.5716974e-04
   2.5736497e-04
   2.5756034e-04
   2.5775586e-04
   2.5795154e-04
   2.5814736e-04
   2.5834333e-04
   2.5853944e-04
   2.5873571e-04
   2.5893213e-04
   2.5912869e-04
   2.5932540e-04
   2.5952227e-04
   2.5971928e-04
   2.5991644e-04
   2.6011375e-04
   2.6031122e-04
   2.6050883e-04
   2.6070659e-04
   2.6090450e-04
   2.6110256e-04
   2.6130078e-04
   2.6149914e-04
   2.6169765e-04
   2.6189632e-04
   2.6209513e-04
   2.6229410e-04
   2.6249321e-04
   2.6269248e-04
   2.6289190e-04
   2.6309147e-04
   2.6329119e-04
   2.6349107e-04
   2.6369109e-04
   2.6389127e-04
   2.6409160e-04
   2.6429208e-04
   2.6449271e-04
   2.6469350e-04
   2.6489444e-04
   2.6509553e-04
   2.6529677e-04
   2.6549817e-04
   2.6569972e-04
   2.6590142e-04
   2.6610328e-04
   2.6630529e-04
   2.6650745e-04
   2.6670976e-04
   2.6691223e-04
   2.6711485e-04
   2.6731763e-04
   2.6752056e-04
   2.6772365e-04
   2.6792688e-04
   2.6813028e-04
   2.6833382e-04
   2.6853753e-04
   2.6874138e-04
   2.6894539e-04
   2.6914956e-04
   2.6935388e-04
   2.6955836e-04
   2.6976299e-04
   2.6996778e-04
   2.7017272e-04
   2.7037782e-04
   2.7058307e-04
   2.7078848e-04
   2.7099404e-04
   2.7119977e-04
   2.7140564e-04
   2.7161168e-04
   2.7181787e-04
   2.7202421e-04
   2.7223072e-04
   2.7243738e-04
   2.7264419e-04
   2.7285117e-04
   2.7305830e-04
   2.7326559e-04
   2.7347303e-04
   2.7368064e-04
   2.7388840e-04
   2.7409632e-04
   2.7430439e-04
   2.7451263e-04
   2.7472102e-04
   2.7492957e-04
   2.7513828e-04
   2.7534715e-04
   2.7555617e-04
   2.7576536e-04
   2.7597470e-04
   2.7618420e-04
   2.7639386e-04
   2.7660368e-04
   2.7681366e-04
   2.7702380e-04
   2.7723410e-04
   2.7744456e-04
   2.7765518e-04
   2.7786596e-04
   2.7807689e-04
   2.7828799e-04
   2.7849925e-04
   2.7871067e-04
   2.7892225e-04
   2.7913399e-04
   2.7934589e-04
   2.7955795e-04
   2.7977017e-04
   2.7998256e-04
   2.8019510e-04
   2.8040781e-04
   2.8062068e-04
   2.8083371e-04
   2.8104690e-04
   2.8126025e-04
   2.8147376e-04
   2.8168744e-04
   2.8190128e-04
   2.8211528e-04
   2.8232945e-04
   2.8254377e-04
   2.8275826e-04
   2.8297291e-04
   2.8318773e-04
   2.8340271e-04
   2.8361785e-04
   2.8383315e-04
   2.8404862e-04
   2.8426425e-04
   2.8448005e-04
   2.8469601e-04
   2.8491213e-04
   2.8512842e-04
   2.8534487e-04
   2.8556148e-04
   2.8577826e-04
   2.8599521e-04
   2.8621232e-04
   2.8642959e-04
   2.8664703e-04
   2.8686463e-04
   2.8708240e-04
   2.8730034e-04
   2.8751844e-04
   2.8773670e-04
   2.8795513e-04
   2.8817373e-04
   2.8839249e-04
   2.8861142e-04
   2.8883052e-04
   2.8904978e-04
   2.8926921e-04
   2.8948880e-04
   2.8970856e-04
   2.8992849e-04
   2.9014859e-04
   2.9036885e-04
   2.9058928e-04
   2.9080988e-04
   2.9103064e-04
   2.9125157e-04
   2.9147267e-04
   2.9169394e-04
   2.9191537e-04
   2.9213698e-04
   2.9235875e-04
   2.9258069e-04
   2.9280280e-04
   2.9302508e-04
   2.9324752e-04
   2.9347014e-04
   2.9369292e-04
   2.9391587e-04
   2.9413899e-04
   2.9436229e-04
   2.9458575e-04
   2.9480938e-04
   2.9503318e-04
   2.9525715e-04
   2.9548129e-04
   2.9570560e-04
   2.9593008e-04
   2.9615473e-04
   2.9637955e-04
   2.9660455e-04
   2.9682971e-04
   2.9705504e-04
   2.9728055e-04
   2.9750622e-04
   2.9773207e-04
   2.9795809e-04
   2.9818428e-04
   2.9841064e-04
   2.9863718e-04
   2.9886388e-04
   2.9909076e-04
   2.9931781e-04
   2.9954504e-04
   2.9977243e-04
   3.0000000e-04
   3.0022774e-04
   3.0045565e-04
   3.0068374e-04
   3.0091200e-04
   3.0114043e-04
   3.0136904e-04
   3.0159782e-04
   3.0182677e-04
   3.0205590e-04
   3.0228520e-04
   3.0251468e-04
   3.0274433e-04
   3.0297415e-04
   3.0320415e-04
   3.0343432e-04
   3.0366467e-04
   3.0389520e-04
   3.0412589e-04
   3.0435677e-04
   3.0458781e-04
   3.0481904e-04
   3.0505044e-04
   3.0528201e-04
   3.0551376e-04
   3.0574569e-04
   3.0597779e-04
   3.0621007e-04
   3.0644253e-04
   3.0667516e-04
   3.0690797e-04
   3.0714095e-04
   3.0737411e-04
   3.0760745e-04
   3.0784097e-04
   3.0807466e-04
   3.0830853e-04
   3.0854258e-04
   3.0877680e-04
   3.0901121e-04
   3.0924579e-04
   3.0948055e-04
   3.0971549e-04
   3.0995060e-04
   3.1018590e-04
   3.1042137e-04
   3.1065702e-04
   3.1089285e-04
   3.1112886e-04
   3.1136505e-04
   3.1160142e-04
   3.1183797e-04
   3.1207470e-04
   3.1231160e-04
   3.1254869e-04
   3.1278596e-04
   3.1302340e-04
   3.1326103e-04
   3.1349884e-04
   3.1373683e-04
   3.1397500e-04
   3.1421335e-04
   3.1445188e-04
   3.1469059e-04
   3.1492948e-04
   3.1516856e-04
   3.1540781e-04
   3.1564725e-04
   3.1588687e-04
   3.1612667e-04
   3.1636665e-04
   3.1660682e-04
   3.1684717e-04
   3.1708770e-04
   3.1732841e-04
   3.1756930e-04
   3.1781038e-04
   3.1805164e-04
   3.1829309e-04
   3.1853472e-04
   3.1877653e-04
   3.1901852e-04
   3.1926070e-04
   3.1950306e-04
   3.1974561e-04
   3.1998834e-04
   3.2023125e-04
   3.2047435e-04
   3.2071764e-04
   3.2096110e-04
   3.2120476e-04
   3.2144860e-04
   3.2169262e-04
   3.2193683e-04
   3.2218122e-04
   3.2242580e-04
   3.2267057e-04
   3.2291552e-04
   3.2316065e-04
   3.2340598e-04
   3.2365149e-04
   3.2389718e-04
   3.2414306e-04
   3.2438913e-04
   3.2463539e-04
   3.2488183e-04
   3.2512846e-04
   3.2537528e-04
   3.2562228e-04
   3.2586947e-04
   3.2611685e-04
   3.2636442e-04
   3.2661217e-04
   3.2686012e-04
   3.2710825e-04
   3.2735657e-04
   3.2760507e-04
   3.2785377e-04
   3.2810266e-04
   3.2835173e-04
   3.2860100e-04
   3.2885045e-04
   3.2910009e-04
   3.2934992e-04
   3.2959994e-04
   3.2985015e-04
   3.3010056e-04
   3.3035115e-04
   3.3060193e-04
   3.3085290e-04
   3.3110406e-04
   3.3135542e-04
   3.3160696e-04
   3.3185869e-04
   3.3211062e-04
   3.3236274e-04
   3.3261505e-04
   3.3286755e-04
   3.3312024e-04
   3.3337312e-04
   3.3362620e-04
   3.3387946e-04
   3.3413292e-04
   3.3438658e-04
   3.3464042e-04
   3.3489446e-04
   3.3514869e-04
   3.3540311e-04
   3.3565773e-04
   3.3591254e-04
   3.3616754e-04
   3.3642274e-04
   3.3667813e-04
   3.3693371e-04
   3.3718949e-04
   3.3744547e-04
   3.3770163e-04
   3.3795799e-04
   3.3821455e-04
   3.3847130e-04
   3.3872825e-04
   3.3898539e-04
   3.3924272e-04
   3.3950025e-04
   3.3975798e-04
   3.4001590e-04
   3.4027402e-04
   3.4053234e-04
   3.4079085e-04
   3.4104955e-04
   3.4130846e-04
   3.4156756e-04
   3.4182685e-04
   3.4208635e-04
   3.4234604e-04
   3.4260592e-04
   3.4286601e-04
   3.4312629e-04
   3.4338677e-04
   3.4364745e-04
   3.4390832e-04
   3.4416939e-04
   3.4443067e-04
   3.4469214e-04
   3.4495380e-04
   3.4521567e-04
   3.4547774e-04
   3.4574000e-04
   3.4600246e-04
   3.4626513e-04
   3.4652799e-04
   3.4679105e-04
   3.4705431e-04
   3.4731777e-04
   3.4758144e-04
   3.4784530e-04
   3.4810936e-04
   3.4837362e-04
   3.4863808e-04
   3.4890275e-04
   3.4916761e-04
   3.4943268e-04
   3.4969795e-04
   3.4996341e-04
   3.5022908e-04
   3.5049496e-04
   3.5076103e-04
   3.5102730e-04
   3.5129378e-04
   3.5156046e-04
   3.5182734e-04
   3.5209443e-04
   3.5236172e-04
   3.5262921e-04
   3.5289690e-04
   3.5316480e-04
   3.5343290e-04
   3.5370120e-04
   3.5396971e-04
   3.5423842e-04
   3.5450733e-04
   3.5477645e-04
   3.5504578e-04
   3.5531530e-04
   3.5558504e-04
   3.5585497e-04
   3.5612512e-04
   3.5639546e-04
   3.5666602e-04
   3.5693678e-04
   3.5720774e-04
   3.5747891e-04
   3.5775028e-04
   3.5802186e-04
   3.5829365e-04
   3.5856564e-04
   3.5883785e-04
   3.5911025e-04
   3.5938287e-04
   3.5965569e-04
   3.5992871e-04
   3.6020195e-04
   3.6047539e-04
   3.6074904e-04
   3.6102290e-04
   3.6129696e-04
   3.6157124e-04
   3.6184572e-04
   3.6212041e-04
   3.6239531e-04
   3.6267041e-04
   3.6294573e-04
   3.6322126e-04
   3.6349699e-04
   3.6377293e-04
   3.6404909e-04
   3.6432545e-04
   3.6460202e-04
   3.6487880e-04
   3.6515580e-04
   3.6543300e-04
   3.6571041e-04
   3.6598804e-04
   3.6626587e-04
   3.6654392e-04
   3.6682217e-04
   3.6710064e-04
   3.6737932e-04
   3.6765821e-04
   3.6793732e-04
   3.6821663e-04
   3.6849616e-04
   3.6877590e-04
   3.6905585e-04
   3.6933601e-04
   3.6961639e-04
   3.6989698e-04
   3.7017778e-04
   3.7045879e-04
   3.7074002e-04
   3.7102146e-04
   3.7130312e-04
   3.7158499e-04
   3.7186707e-04
   3.7214937e-04
   3.7243188e-04
   3.7271461e-04
   3.7299755e-04
   3.7328070e-04
   3.7356408e-04
   3.7384766e-04
   3.7413146e-04
   3.7441548e-04
   3.7469971e-04
   3.7498416e-04
   3.7526882e-04
   3.7555370e-04
   3.7583880e-04
   3.7612411e-04
   3.7640964e-04
   3.7669539e-04
   3.7698135e-04
   3.7726753e-04
   3.7755393e-04
   3.7784054e-04
   3.7812738e-04
   3.7841443e-04
   3.7870169e-04
   3.7898918e-04
   3.7927688e-04
   3.7956481e-04
   3.7985295e-04
   3.8014131e-04
   3.8042989e-04
   3.8071869e-04
   3.8100770e-04
   3.8129694e-04
   3.8158640e-04
   3.8187607e-04
   3.8216597e-04
   3.8245608e-04
   3.8274642e-04
   3.8303698e-04
   3.8332775e-04
   3.8361875e-04
   3.8390997e-04
   3.8420141e-04
   3.8449307e-04
   3.8478495e-04
   3.8507706e-04
   3.8536938e-04
   3.8566193e-04
   3.8595470e-04
   3.8624769e-04
   3.8654091e-04
   3.8683435e-04
   3.8712801e-04
   3.8742189e-04
   3.8771599e-04
   3.8801032e-04
   3.8830488e-04
   3.8859965e-04
   3.8889465e-04
   3.8918988e-04
   3.8948532e-04
   3.8978100e-04
   3.9007689e-04
   3.9037301e-04
   3.9066936e-04
   3.9096593e-04
   3.9126273e-04
   3.9155975e-04
   3.9185700e-04
   3.9215447e-04
   3.9245217e-04
   3.9275009e-04
   3.9304824e-04
   3.9334662e-04
   3.9364522e-04
   3.9394405e-04
   3.9424311e-04
   3.9454240e-04
   3.9484191e-04
   3.9514165e-04
   3.9544161e-04
   3.9574181e-04
   3.9604223e-04
   3.9634288e-04
   3.9664376e-04
   3.9694486e-04
   3.9724620e-04
   3.9754776e-04
   3.9784955e-04
   3.9815158e-04
   3.9845383e-04
   3.9875631e-04
   3.9905902e-04
   3.9936196e-04
   3.9966513e-04
   3.9996853e-04
   4.0027216e-04
   4.0057602e-04
   4.0088011e-04
   4.0118443e-04
   4.0148899e-04
   4.0179377e-04
   4.0209879e-04
   4.0240404e-04
   4.0270952e-04
   4.0301523e-04
   4.0332117e-04
   4.0362735e-04
   4.0393375e-04
   4.0424039e-04
   4.0454727e-04
   4.0485437e-04
   4.0516171e-04
   4.0546929e-04
   4.0577709e-04
   4.0608513e-04
   4.0639341e-04
   4.0670191e-04
   4.0701066e-04
   4.0731963e-04
   4.0762884e-04
   4.0793829e-04
   4.0824797e-04
   4.0855789e-04
   4.0886804e-04
   4.0917842e-04
   4.0948905e-04
   4.0979990e-04
   4.1011100e-04
   4.1042233e-04
   4.1073389e-04
   4.1104570e-04
   4.1135774e-04
   4.1167001e-04
   4.1198253e-04
   4.1229528e-04
   4.1260827e-04
   4.1292149e-04
   4.1323495e-04
   4.1354866e-04
   4.1386260e-04
   4.1417677e-04
   4.1449119e-04
   4.1480585e-04
   4.1512074e-04
   4.1543587e-04
   4.1575124e-04
   4.1606686e-04
   4.1638271e-04
   4.1669880e-04
   4.1701513e-04
   4.1733170e-04
   4.1764851e-04
   4.1796556e-04
   4.1828286e-04
   4.1860039e-04
   4.1891817e-04
   4.1923618e-04
   4.1955444e-04
   4.1987294e-04
   4.2019168e-04
   4.2051066e-04
   4.2082989e-04
   4.2114935e-04
   4.2146906e-04
   4.2178901e-04
   4.2210921e-04
   4.2242965e-04
   4.2275033e-04
   4.2307125e-04
   4.2339242e-04
   4.2371384e-04
   4.2403549e-04
   4.2435739e-04
   4.2467954e-04
   4.2500193e-04
   4.2532456e-04
   4.2564744e-04
   4.2597057e-04
   4.2629393e-04
   4.2661755e-04
   4.2694141e-04
   4.2726552e-04
   4.2758987e-04
   4.2791447e-04
   4.2823931e-04
   4.2856441e-04
   4.2888974e-04
   4.2921533e-04
   4.2954116e-04
   4.2986724e-04
   4.3019357e-04
   4.3052015e-04
   4.3084697e-04
   4.3117404e-04
   4.3150136e-04
   4.3182893e-04
   4.3215675e-04
   4.3248481e-04
   4.3281313e-04
   4.3314169e-04
   4.3347050e-04
   4.3379957e-04
   4.3412888e-04
   4.3445844e-04
   4.3478826e-04
   4.3511832e-04
   4.3544863e-04
   4.3577920e-04
   4.3611001e-04
   4.3644108e-04
   4.3677240e-04
   4.3710397e-04
   4.3743579e-04
   4.3776786e-04
   4.3810019e-04
   4.3843277e-04
   4.3876560e-04
   4.3909868e-04
   4.3943201e-04
   4.3976560e-04
   4.4009944e-04
   4.4043354e-04
   4.4076789e-04
   4.4110249e-04
   4.4143735e-04
   4.4177246e-04
   4.4210782e-04
   4.4244344e-04
   4.4277932e-04
   4.4311545e-04
   4.4345183e-04
   4.4378847e-04
   4.4412537e-04
   4.4446252e-04
   4.4479993e-04
   4.4513759e-04
   4.4547551e-04
   4.4581369e-04
   4.4615212e-04
   4.4649081e-04
   4.4682976e-04
   4.4716896e-04
   4.4750843e-04
   4.4784815e-04
   4.4818812e-04
   4.4852836e-04
   4.4886885e-04
   4.4920961e-04
   4.4955062e-04
   4.4989189e-04
   4.5023342e-04
   4.5057520e-04
   4.5091725e-04
   4.5125956e-04
   4.5160213e-04
   4.5194495e-04
   4.5228804e-04
   4.5263139e-04
   4.5297500e-04
   4.5331887e-04
   4.5366300e-04
   4.5400739e-04
   4.5435205e-04
   4.5469696e-04
   4.5504214e-04
   4.5538758e-04
   4.5573328e-04
   4.5607924e-04
   4.5642547e-04
   4.5677196e-04
   4.5711871e-04
   4.5746572e-04
   4.5781300e-04
   4.5816054e-04
   4.5850835e-04
   4.5885642e-04
   4.5920475e-04
   4.5955335e-04
   4.5990222e-04
   4.6025135e-04
   4.6060074e-04
   4.6095040e-04
   4.6130032e-04
   4.6165051e-04
   4.6200097e-04
   4.6235169e-04
   4.6270268e-04
   4.6305393e-04
   4.6340545e-04
   4.6375724e-04
   4.6410929e-04
   4.6446162e-04
   4.6481421e-04
   4.6516706e-04
   4.6552019e-04
   4.6587358e-04
   4.6622724e-04
   4.6658117e-04
   4.6693537e-04
   4.6728984e-04
   4.6764457e-04
   4.6799958e-04
   4.6835486e-04
   4.6871040e-04
   4.6906622e-04
   4.6942230e-04
   4.6977866e-04
   4.7013528e-04
   4.7049218e-04
   4.7084935e-04
   4.7120678e-04
   4.7156449e-04
   4.7192248e-04
   4.7228073e-04
   4.7263925e-04
   4.7299805e-04
   4.7335712e-04
   4.7371646e-04
   4.7407608e-04
   4.7443597e-04
   4.7479613e-04
   4.7515656e-04
   4.7551727e-04
   4.7587826e-04
   4.7623951e-04
   4.7660104e-04
   4.7696285e-04
   4.7732493e-04
   4.7768728e-04
   4.7804991e-04
   4.7841282e-04
   4.7877600e-04
   4.7913945e-04
   4.7950318e-04
   4.7986719e-04
   4.8023148e-04
   4.8059604e-04
   4.8096088e-04
   4.8132599e-04
   4.8169138e-04
   4.8205705e-04
   4.8242300e-04
   4.8278922e-04
   4.8315573e-04
   4.8352251e-04
   4.8388957e-04
   4.8425690e-04
   4.8462452e-04
   4.8499242e-04
   4.8536059e-04
   4.8572905e-04
   4.8609778e-04
   4.8646680e-04
   4.8683609e-04
   4.8720566e-04
   4.8757552e-04
   4.8794566e-04
   4.8831607e-04
   4.8868677e-04
   4.8905775e-04
   4.8942901e-04
   4.8980056e-04
   4.9017238e-04
   4.9054449e-04
   4.9091688e-04
   4.9128955e-04
   4.9166251e-04
   4.9203575e-04
   4.9240927e-04
   4.9278307e-04
   4.9315716e-04
   4.9353154e-04
   4.9390619e-04
   4.9428114e-04
   4.9465636e-04
   4.9503187e-04
   4.9540767e-04
   4.9578375e-04
   4.9616012e-04
   4.9653677e-04
   4.9691371e-04
   4.9729094e-04
   4.9766845e-04
   4.9804625e-04
   4.9842433e-04
   4.9880270e-04
   4.9918136e-04
   4.9956031e-04
   4.9993954e-04
   5.0031906e-04
   5.0069887e-04
   5.0107897e-04
   5.0145936e-04
   5.0184004e-04
   5.0222100e-04
   5.0260225e-04
   5.0298380e-04
   5.0336563e-04
   5.0374775e-04
   5.0413017e-04
   5.0451287e-04
   5.0489586e-04
   5.0527915e-04
   5.0566272e-04
   5.0604659e-04
   5.0643075e-04
   5.0681520e-04
   5.0719994e-04
   5.0758497e-04
   5.0797030e-04
   5.0835592e-04
   5.0874183e-04
   5.0912803e-04
   5.0951453e-04
   5.0990132e-04
   5.1028841e-04
   5.1067579e-04
   5.1106346e-04
   5.1145142e-04
   5.1183969e-04
   5.1222824e-04
   5.1261709e-04
   5.1300624e-04
   5.1339568e-04
   5.1378542e-04
   5.1417545e-04
   5.1456578e-04
   5.1495640e-04
   5.1534733e-04
   5.1573855e-04
   5.1613006e-04
   5.1652187e-04
   5.1691398e-04
   5.1730639e-04
   5.1769910e-04
   5.1809210e-04
   5.1848540e-04
   5.1887901e-04
   5.1927291e-04
   5.1966710e-04
   5.2006160e-04
   5.2045640e-04
   5.2085150e-04
   5.2124689e-04
   5.2164259e-04
   5.2203859e-04
   5.2243489e-04
   5.2283149e-04
   5.2322839e-04
   5.2362559e-04
   5.2402309e-04
   5.2442090e-04
   5.2481900e-04
   5.2521741e-04
   5.2561612e-04
   5.2601514e-04
   5.2641445e-04
   5.2681407e-04
   5.2721400e-04
   5.2761422e-04
   5.2801476e-04
   5.2841559e-04
   5.2881673e-04
   5.2921817e-04
   5.2961992e-04
   5.3002198e-04
   5.3042433e-04
   5.3082700e-04
   5.3122997e-04
   5.3163324e-04
   5.3203683e-04
   5.3244072e-04
   5.3284491e-04
   5.3324941e-04
   5.3365422e-04
   5.3405934e-04
   5.3446476e-04
   5.3487049e-04
   5.3527653e-04
   5.3568288e-04
   5.3608954e-04
   5.3649650e-04
   5.3690377e-04
   5.3731136e-04
   5.3771925e-04
   5.3812745e-04
   5.3853596e-04
   5.3894479e-04
   5.3935392e-04
   5.3976336e-04
   5.4017311e-04
   5.4058318e-04
   5.4099356e-04
   5.4140424e-04
   5.4181524e-04
   5.4222655e-04
   5.4263818e-04
   5.4305011e-04
   5.4346236e-04
   5.4387492e-04
   5.4428780e-04
   5.4470099e-04
   5.4511449e-04
   5.4552831e-04
   5.4594244e-04
   5.4635688e-04
   5.4677164e-04
   5.4718671e-04
   5.4760210e-04
   5.4801781e-04
   5.4843383e-04
   5.4885016e-04
   5.4926682e-04
   5.4968378e-04
   5.5010107e-04
   5.5051867e-04
   5.5093659e-04
   5.5135482e-04
   5.5177338e-04
   5.5219225e-04
   5.5261144e-04
   5.5303094e-04
   5.5345077e-04
   5.5387091e-04
   5.5429138e-04
   5.5471216e-04
   5.5513326e-04
   5.5555468e-04
   5.5597643e-04
   5.5639849e-04
   5.5682087e-04
   5.5724357e-04
   5.5766660e-04
   5.5808994e-04
   5.5851361e-04
   5.5893759e-04
   5.5936190e-04
   5.5978654e-04
   5.6021149e-04
   5.6063677e-04
   5.6106237e-04
   5.6148829e-04
   5.6191454e-04
   5.6234110e-04
   5.6276800e-04
   5.6319522e-04
   5.6362276e-04
   5.6405062e-04
   5.6447881e-04
   5.6490733e-04
   5.6533617e-04
   5.6576534e-04
   5.6619483e-04
   5.6662465e-04
   5.6705480e-04
   5.6748527e-04
   5.6791607e-04
   5.6834719e-04
   5.6877864e-04
   5.6921043e-04
   5.6964253e-04
   5.7007497e-04
   5.7050773e-04
   5.7094083e-04
   5.7137425e-04
   5.7180800e-04
   5.7224208e-04
   5.7267649e-04
   5.7311123e-04
   5.7354630e-04
   5.7398170e-04
   5.7441743e-04
   5.7485349e-04
   5.7528988e-04
   5.7572660e-04
   5.7616366e-04
   5.7660104e-04
   5.7703876e-04
   5.7747681e-04
   5.7791520e-04
   5.7835391e-04
   5.7879296e-04
   5.7923235e-04
   5.7967206e-04
   5.8011211e-04
   5.8055250e-04
   5.8099321e-04
   5.8143427e-04
   5.8187565e-04
   5.8231738e-04
   5.8275944e-04
   5.8320183e-04
   5.8364456e-04
   5.8408762e-04
   5.8453103e-04
   5.8497476e-04
   5.8541884e-04
   5.8586325e-04
   5.8630800e-04
   5.8675309e-04
   5.8719852e-04
   5.8764428e-04
   5.8809038e-04
   5.8853682e-04
   5.8898360e-04
   5.8943072e-04
   5.8987818e-04
   5.9032598e-04
   5.9077411e-04
   5.9122259e-04
   5.9167141e-04
   5.9212057e-04
   5.9257007e-04
   5.9301991e-04
   5.9347009e-04
   5.9392062e-04
   5.9437148e-04
   5.9482269e-04
   5.9527424e-04
   5.9572614e-04
   5.9617837e-04
   5.9663096e-04
   5.9708388e-04
   5.9753715e-04
   5.9799076e-04
   5.9844472e-04
   5.9889902e-04
   5.9935366e-04
   5.9980865e-04
   6.0026399e-04
   6.0071967e-04
   6.0117570e-04
   6.0163207e-04
   6.0208879e-04
   6.0254586e-04
   6.0300328e-04
   6.0346104e-04
   6.0391915e-04
   6.0437760e-04
   6.0483641e-04
   6.0529556e-04
   6.0575506e-04
   6.0621491e-04
   6.0667511e-04
   6.0713566e-04
   6.0759656e-04
   6.0805781e-04
   6.0851941e-04
   6.0898136e-04
   6.0944366e-04
   6.0990631e-04
   6.1036931e-04
   6.1083266e-04
   6.1129637e-04
   6.1176042e-04
   6.1222483e-04
   6.1268959e-04
   6.1315471e-04
   6.1362018e-04
   6.1408600e-04
   6.1455217e-04
   6.1501870e-04
   6.1548558e-04
   6.1595282e-04
   6.1642041e-04
   6.1688836e-04
   6.1735666e-04
   6.1782532e-04
   6.1829433e-04
   6.1876370e-04
   6.1923343e-04
   6.1970351e-04
   6.2017395e-04
   6.2064475e-04
   6.2111590e-04
   6.2158741e-04
   6.2205928e-04
   6.2253151e-04
   6.2300410e-04
   6.2347704e-04
   6.2395034e-04
   6.2442401e-04
   6.2489803e-04
   6.2537241e-04
   6.2584716e-04
   6.2632226e-04
   6.2679772e-04
   6.2727355e-04
   6.2774973e-04
   6.2822628e-04
   6.2870319e-04
   6.2918046e-04
   6.2965809e-04
   6.3013609e-04
   6.3061445e-04
   6.3109317e-04
   6.3157226e-04
   6.3205171e-04
   6.3253152e-04
   6.3301170e-04
   6.3349224e-04
   6.3397315e-04
   6.3445442e-04
   6.3493605e-04
   6.3541806e-04
   6.3590043e-04
   6.3638316e-04
   6.3686626e-04
   6.3734973e-04
   6.3783357e-04
   6.3831777e-04
   6.3880234e-04
   6.3928728e-04
   6.3977258e-04
   6.4025826e-04
   6.4074430e-04
   6.4123071e-04
   6.4171749e-04
   6.4220464e-04
   6.4269216e-04
   6.4318006e-04
   6.4366832e-04
   6.4415695e-04
   6.4464595e-04
   6.4513532e-04
   6.4562507e-04
   6.4611519e-04
   6.4660568e-04
   6.4709654e-04
   6.4758777e-04
   6.4807938e-04
   6.4857136e-04
   6.4906371e-04
   6.4955644e-04
   6.5004954e-04
   6.5054302e-04
   6.5103687e-04
   6.5153110e-04
   6.5202570e-04
   6.5252067e-04
   6.5301602e-04
   6.5351175e-04
   6.5400786e-04
   6.5450434e-04
   6.5500120e-04
   6.5549843e-04
   6.5599604e-04
   6.5649403e-04
   6.5699240e-04
   6.5749115e-04
   6.5799027e-04
   6.5848978e-04
   6.5898966e-04
   6.5948992e-04
   6.5999057e-04
   6.6049159e-04
   6.6099299e-04
   6.6149477e-04
   6.6199694e-04
   6.6249948e-04
   6.6300241e-04
   6.6350572e-04
   6.6400941e-04
   6.6451349e-04
   6.6501794e-04
   6.6552278e-04
   6.6602800e-04
   6.6653361e-04
   6.6703960e-04
   6.6754597e-04
   6.6805273e-04
   6.6855987e-04
   6.6906740e-04
   6.6957531e-04
   6.7008361e-04
   6.7059230e-04
   6.7110137e-04
   6.7161083e-04
   6.7212067e-04
   6.7263090e-04
   6.7314152e-04
   6.7365252e-04
   6.7416392e-04
   6.7467570e-04
   6.7518787e-04
   6.7570043e-04
   6.7621338e-04
   6.7672672e-04
   6.7724044e-04
   6.7775456e-04
   6.7826907e-04
   6.7878397e-04
   6.7929926e-04
   6.7981494e-04
   6.8033101e-04
   6.8084747e-04
   6.8136433e-04
   6.8188158e-04
   6.8239922e-04
   6.8291725e-04
   6.8343568e-04
   6.8395450e-04
   6.8447372e-04
   6.8499332e-04
   6.8551333e-04
   6.8603372e-04
   6.8655452e-04
   6.8707571e-04
   6.8759729e-04
   6.8811927e-04
   6.8864165e-04
   6.8916442e-04
   6.8968759e-04
   6.9021115e-04
   6.9073512e-04
   6.9125948e-04
   6.9178424e-04
   6.9230940e-04
   6.9283496e-04
   6.9336091e-04
   6.9388727e-04
   6.9441402e-04
   6.9494118e-04
   6.9546873e-04
   6.9599669e-04
   6.9652504e-04
   6.9705380e-04
   6.9758296e-04
   6.9811252e-04
   6.9864248e-04
   6.9917285e-04
   6.9970361e-04
   7.0023478e-04
   7.0076636e-04
   7.0129833e-04
   7.0183071e-04
   7.0236350e-04
   7.0289669e-04
   7.0343028e-04
   7.0396428e-04
   7.0449869e-04
   7.0503350e-04
   7.0556871e-04
   7.0610434e-04
   7.0664037e-04
   7.0717680e-04
   7.0771365e-04
   7.0825090e-04
   7.0878855e-04
   7.0932662e-04
   7.0986510e-04
   7.1040398e-04
   7.1094327e-04
   7.1148298e-04
   7.1202309e-04
   7.1256361e-04
   7.1310454e-04
   7.1364589e-04
   7.1418764e-04
   7.1472981e-04
   7.1527238e-04
   7.1581537e-04
   7.1635877e-04
   7.1690259e-04
   7.1744682e-04
   7.1799145e-04
   7.1853651e-04
   7.1908197e-04
   7.1962786e-04
   7.2017415e-04
   7.2072086e-04
   7.2126799e-04
   7.2181553e-04
   7.2236348e-04
   7.2291186e-04
   7.2346064e-04
   7.2400985e-04
   7.2455947e-04
   7.2510951e-04
   7.2565997e-04
   7.2621084e-04
   7.2676213e-04
   7.2731385e-04
   7.2786598e-04
   7.2841852e-04
   7.2897149e-04
   7.2952488e-04
   7.3007869e-04
   7.3063292e-04
   7.3118757e-04
   7.3174264e-04
   7.3229813e-04
   7.3285405e-04
   7.3341038e-04
   7.3396714e-04
   7.3452432e-04
   7.3508192e-04
   7.3563995e-04
   7.3619840e-04
   7.3675728e-04
   7.3731658e-04
   7.3787630e-04
   7.3843645e-04
   7.3899702e-04
   7.3955802e-04
   7.4011945e-04
   7.4068130e-04
   7.4124358e-04
   7.4180628e-04
   7.4236941e-04
   7.4293297e-04
   7.4349696e-04
   7.4406137e-04
   7.4462622e-04
   7.4519149e-04
   7.4575719e-04
   7.4632332e-04
   7.4688988e-04
   7.4745688e-04
   7.4802430e-04
   7.4859215e-04
   7.4916043e-04
   7.4972915e-04
   7.5029829e-04
   7.5086787e-04
   7.5143788e-04
   7.5200833e-04
   7.5257920e-04
   7.5315051e-04
   7.5372226e-04
   7.5429443e-04
   7.5486705e-04
   7.5544009e-04
   7.5601357e-04
   7.5658749e-04
   7.5716184e-04
   7.5773663e-04
   7.5831186e-04
   7.5888752e-04
   7.5946362e-04
   7.6004015e-04
   7.6061713e-04
   7.6119454e-04
   7.6177239e-04
   7.6235068e-04
   7.6292941e-04
   7.6350857e-04
   7.6408818e-04
   7.6466823e-04
   7.6524872e-04
   7.6582964e-04
   7.6641101e-04
   7.6699282e-04
   7.6757507e-04
   7.6815777e-04
   7.6874090e-04
   7.6932448e-04
   7.6990851e-04
   7.7049297e-04
   7.7107788e-04
   7.7166323e-04
   7.7224903e-04
   7.7283527e-04
   7.7342196e-04
   7.7400909e-04
   7.7459667e-04
   7.7518469e-04
   7.7577316e-04
   7.7636208e-04
   7.7695145e-04
   7.7754126e-04
   7.7813152e-04
   7.7872222e-04
   7.7931338e-04
   7.7990499e-04
   7.8049704e-04
   7.8108954e-04
   7.8168250e-04
   7.8227590e-04
   7.8286975e-04
   7.8346406e-04
   7.8405881e-04
   7.8465402e-04
   7.8524968e-04
   7.8584579e-04
   7.8644236e-04
   7.8703937e-04
   7.8763684e-04
   7.8823477e-04
   7.8883314e-04
   7.8943197e-04
   7.9003126e-04
   7.9063100e-04
   7.9123120e-04
   7.9183185e-04
   7.9243296e-04
   7.9303452e-04
   7.9363654e-04
   7.9423902e-04
   7.9484196e-04
   7.9544535e-04
   7.9604920e-04
   7.9665351e-04
   7.9725828e-04
   7.9786351e-04
   7.9846919e-04
   7.9907534e-04
   7.9968195e-04
   8.0028901e-04
   8.0089654e-04
   8.0150453e-04
   8.0211298e-04
   8.0272190e-04
   8.0333127e-04
   8.0394111e-04
   8.0455141e-04
   8.0516217e-04
   8.0577340e-04
   8.0638509e-04
   8.0699725e-04
   8.0760987e-04
   8.0822295e-04
   8.0883651e-04
   8.0945052e-04
   8.1006501e-04
   8.1067996e-04
   8.1129537e-04
   8.1191126e-04
   8.1252761e-04
   8.1314443e-04
   8.1376171e-04
   8.1437947e-04
   8.1499769e-04
   8.1561639e-04
   8.1623555e-04
   8.1685518e-04
   8.1747529e-04
   8.1809586e-04
   8.1871691e-04
   8.1933843e-04
   8.1996042e-04
   8.2058288e-04
   8.2120581e-04
   8.2182922e-04
   8.2245310e-04
   8.2307745e-04
   8.2370228e-04
   8.2432758e-04
   8.2495336e-04
   8.2557961e-04
   8.2620634e-04
   8.2683354e-04
   8.2746122e-04
   8.2808938e-04
   8.2871801e-04
   8.2934712e-04
   8.2997671e-04
   8.3060677e-04
   8.3123731e-04
   8.3186834e-04
   8.3249984e-04
   8.3313182e-04
   8.3376428e-04
   8.3439722e-04
   8.3503064e-04
   8.3566454e-04
   8.3629892e-04
   8.3693379e-04
   8.3756914e-04
   8.3820496e-04
   8.3884128e-04
   8.3947807e-04
   8.4011535e-04
   8.4075311e-04
   8.4139136e-04
   8.4203009e-04
   8.4266930e-04
   8.4330900e-04
   8.4394919e-04
   8.4458986e-04
   8.4523102e-04
   8.4587267e-04
   8.4651480e-04
   8.4715742e-04
   8.4780053e-04
   8.4844412e-04
   8.4908821e-04
   8.4973278e-04
   8.5037784e-04
   8.5102339e-04
   8.5166944e-04
   8.5231597e-04
   8.5296299e-04
   8.5361051e-04
   8.5425851e-04
   8.5490701e-04
   8.5555600e-04
   8.5620549e-04
   8.5685546e-04
   8.5750593e-04
   8.5815690e-04
   8.5880835e-04
   8.5946031e-04
   8.6011275e-04
   8.6076570e-04
   8.6141914e-04
   8.6207307e-04
   8.6272750e-04
   8.6338243e-04
   8.6403785e-04
   8.6469377e-04
   8.6535019e-04
   8.6600711e-04
   8.6666453e-04
   8.6732245e-04
   8.6798086e-04
   8.6863978e-04
   8.6929919e-04
   8.6995911e-04
   8.7061953e-04
   8.7128045e-04
   8.7194187e-04
   8.7260379e-04
   8.7326621e-04
   8.7392914e-04
   8.7459257e-04
   8.7525651e-04
   8.7592095e-04
   8.7658589e-04
   8.7725134e-04
   8.7791729e-04
   8.7858375e-04
   8.7925071e-04
   8.7991818e-04
   8.8058616e-04
   8.8125465e-04
   8.8192364e-04
   8.8259314e-04
   8.8326315e-04
   8.8393366e-04
   8.8460469e-04
   8.8527622e-04
   8.8594827e-04
   8.8662082e-04
   8.8729389e-04
   8.8796747e-04
   8.8864156e-04
   8.8931615e-04
   8.8999127e-04
   8.9066689e-04
   8.9134303e-04
   8.9201968e-04
   8.9269684e-04
   8.9337452e-04
   8.9405271e-04
   8.9473142e-04
   8.9541064e-04
   8.9609038e-04
   8.9677064e-04
   8.9745141e-04
   8.9813270e-04
   8.9881450e-04
   8.9949682e-04
   9.0017966e-04
   9.0086302e-04
   9.0154690e-04
   9.0223130e-04
   9.0291621e-04
   9.0360165e-04
   9.0428761e-04
   9.0497408e-04
   9.0566108e-04
   9.0634860e-04
   9.0703664e-04
   9.0772521e-04
   9.0841429e-04
   9.0910390e-04
   9.0979404e-04
   9.1048470e-04
   9.1117588e-04
   9.1186758e-04
   9.1255981e-04
   9.1325257e-04
   9.1394585e-04
   9.1463966e-04
   9.1533400e-04
   9.1602886e-04
   9.1672425e-04
   9.1742017e-04
   9.1811662e-04
   9.1881359e-04
   9.1951110e-04
   9.2020913e-04
   9.2090770e-04
   9.2160679e-04
   9.2230642e-04
   9.2300657e-04
   9.2370726e-04
   9.2440848e-04
   9.2511023e-04
   9.2581251e-04
   9.2651533e-04
   9.2721868e-04
   9.2792257e-04
   9.2862699e-04
   9.2933194e-04
   9.3003743e-04
   9.3074346e-04
   9.3145002e-04
   9.3215711e-04
   9.3286475e-04
   9.3357292e-04
   9.3428163e-04
   9.3499087e-04
   9.3570066e-04
   9.3641098e-04
   9.3712185e-04
   9.3783325e-04
   9.3854519e-04
   9.3925768e-04
   9.3997070e-04
   9.4068427e-04
   9.4139837e-04
   9.4211302e-04
   9.4282822e-04
   9.4354395e-04
   9.4426023e-04
   9.4497705e-04
   9.4569442e-04
   9.4641233e-04
   9.4713078e-04
   9.4784978e-04
   9.4856933e-04
   9.4928942e-04
   9.5001006e-04
   9.5073125e-04
   9.5145298e-04
   9.5217527e-04
   9.5289810e-04
   9.5362148e-04
   9.5434540e-04
   9.5506988e-04
   9.5579491e-04
   9.5652049e-04
   9.5724662e-04
   9.5797330e-04
   9.5870053e-04
   9.5942831e-04
   9.6015665e-04
   9.6088554e-04
   9.6161498e-04
   9.6234498e-04
   9.6307553e-04
   9.6380664e-04
   9.6453830e-04
   9.6527051e-04
   9.6600328e-04
   9.6673661e-04
   9.6747050e-04
   9.6820494e-04
   9.6893994e-04
   9.6967549e-04
   9.7041161e-04
   9.7114828e-04
   9.7188552e-04
   9.7262331e-04
   9.7336166e-04
   9.7410058e-04
   9.7484005e-04
   9.7558009e-04
   9.7632069e-04
   9.7706185e-04
   9.7780357e-04
   9.7854586e-04
   9.7928871e-04
   9.8003212e-04
   9.8077610e-04
   9.8152064e-04
   9.8226575e-04
   9.8301142e-04
   9.8375766e-04
   9.8450446e-04
   9.8525184e-04
   9.8599978e-04
   9.8674829e-04
   9.8749736e-04
   9.8824701e-04
   9.8899722e-04
   9.8974800e-04
   9.9049936e-04
   9.9125128e-04
   9.9200378e-04
   9.9275684e-04
   9.9351048e-04
   9.9426469e-04
   9.9501947e-04
   9.9577483e-04
   9.9653075e-04
   9.9728726e-04
   9.9804433e-04
   9.9880198e-04
   9.9956021e-04
   1.0003190e-03
   1.0010784e-03
   1.0018383e-03
   1.0025989e-03
   1.0033600e-03
   1.0041217e-03
   1.0048839e-03
   1.0056468e-03
   1.0064102e-03
   1.0071742e-03
   1.0079388e-03
   1.0087040e-03
   1.0094697e-03
   1.0102360e-03
   1.0110029e-03
   1.0117704e-03
   1.0125385e-03
   1.0133071e-03
   1.0140764e-03
   1.0148462e-03
   1.0156166e-03
   1.0163876e-03
   1.0171592e-03
   1.0179313e-03
   1.0187041e-03
   1.0194774e-03
   1.0202513e-03
   1.0210259e-03
   1.0218009e-03
   1.0225766e-03
   1.0233529e-03
   1.0241298e-03
   1.0249072e-03
   1.0256853e-03
   1.0264639e-03
   1.0272431e-03
   1.0280229e-03
   1.0288034e-03
   1.0295844e-03
   1.0303660e-03
   1.0311481e-03
   1.0319309e-03
   1.0327143e-03
   1.0334983e-03
   1.0342828e-03
   1.0350680e-03
   1.0358538e-03
   1.0366401e-03
   1.0374271e-03
   1.0382146e-03
   1.0390028e-03
   1.0397915e-03
   1.0405808e-03
   1.0413708e-03
   1.0421613e-03
   1.0429525e-03
   1.0437442e-03
   1.0445366e-03
   1.0453295e-03
   1.0461230e-03
   1.0469172e-03
   1.0477119e-03
   1.0485073e-03
   1.0493033e-03
   1.0500998e-03
   1.0508970e-03
   1.0516948e-03
   1.0524931e-03
   1.0532921e-03
   1.0540917e-03
   1.0548919e-03
   1.0556927e-03
   1.0564941e-03
   1.0572962e-03
   1.0580988e-03
   1.0589020e-03
   1.0597059e-03
   1.0605104e-03
   1.0613154e-03
   1.0621211e-03
   1.0629274e-03
   1.0637343e-03
   1.0645418e-03
   1.0653500e-03
   1.0661587e-03
   1.0669681e-03
   1.0677780e-03
   1.0685886e-03
   1.0693998e-03
   1.0702117e-03
   1.0710241e-03
   1.0718371e-03
   1.0726508e-03
   1.0734651e-03
   1.0742800e-03
   1.0750955e-03
   1.0759117e-03
   1.0767284e-03
   1.0775458e-03
   1.0783638e-03
   1.0791824e-03
   1.0800017e-03
   1.0808216e-03
   1.0816421e-03
   1.0824632e-03
   1.0832849e-03
   1.0841073e-03
   1.0849302e-03
   1.0857539e-03
   1.0865781e-03
   1.0874030e-03
   1.0882284e-03
   1.0890546e-03
   1.0898813e-03
   1.0907087e-03
   1.0915367e-03
   1.0923653e-03
   1.0931945e-03
   1.0940244e-03
   1.0948549e-03
   1.0956861e-03
   1.0965179e-03
   1.0973503e-03
   1.0981833e-03
   1.0990170e-03
   1.0998513e-03
   1.1006862e-03
   1.1015218e-03
   1.1023580e-03
   1.1031948e-03
   1.1040323e-03
   1.1048704e-03
   1.1057092e-03
   1.1065485e-03
   1.1073886e-03
   1.1082292e-03
   1.1090705e-03
   1.1099124e-03
   1.1107550e-03
   1.1115982e-03
   1.1124421e-03
   1.1132866e-03
   1.1141317e-03
   1.1149775e-03
   1.1158239e-03
   1.1166710e-03
   1.1175187e-03
   1.1183670e-03
   1.1192160e-03
   1.1200657e-03
   1.1209159e-03
   1.1217669e-03
   1.1226184e-03
   1.1234707e-03
   1.1243235e-03
   1.1251771e-03
   1.1260312e-03
   1.1268860e-03
   1.1277415e-03
   1.1285976e-03
   1.1294544e-03
   1.1303118e-03
   1.1311698e-03
   1.1320285e-03
   1.1328879e-03
   1.1337479e-03
   1.1346086e-03
   1.1354699e-03
   1.1363319e-03
   1.1371945e-03
   1.1380578e-03
   1.1389217e-03
   1.1397863e-03
   1.1406516e-03
   1.1415175e-03
   1.1423841e-03
   1.1432513e-03
   1.1441192e-03
   1.1449877e-03
   1.1458569e-03
   1.1467268e-03
   1.1475973e-03
   1.1484685e-03
   1.1493403e-03
   1.1502128e-03
   1.1510860e-03
   1.1519598e-03
   1.1528343e-03
   1.1537095e-03
   1.1545853e-03
   1.1554618e-03
   1.1563389e-03
   1.1572168e-03
   1.1580952e-03
   1.1589744e-03
   1.1598542e-03
   1.1607347e-03
   1.1616159e-03
   1.1624977e-03
   1.1633802e-03
   1.1642633e-03
   1.1651472e-03
   1.1660317e-03
   1.1669169e-03
   1.1678027e-03
   1.1686892e-03
   1.1695764e-03
   1.1704643e-03
   1.1713528e-03
   1.1722420e-03
   1.1731319e-03
   1.1740225e-03
   1.1749137e-03
   1.1758057e-03
   1.1766983e-03
   1.1775915e-03
   1.1784855e-03
   1.1793801e-03
   1.1802754e-03
   1.1811714e-03
   1.1820681e-03
   1.1829654e-03
   1.1838635e-03
   1.1847622e-03
   1.1856616e-03
   1.1865617e-03
   1.1874624e-03
   1.1883639e-03
   1.1892660e-03
   1.1901688e-03
   1.1910723e-03
   1.1919765e-03
   1.1928814e-03
   1.1937869e-03
   1.1946932e-03
   1.1956001e-03
   1.1965077e-03
   1.1974160e-03
   1.1983250e-03
   1.1992347e-03
   1.2001451e-03
   1.2010562e-03
   1.2019680e-03
   1.2028804e-03
   1.2037936e-03
   1.2047074e-03
   1.2056219e-03
   1.2065372e-03
   1.2074531e-03
   1.2083697e-03
   1.2092870e-03
   1.2102051e-03
   1.2111238e-03
   1.2120432e-03
   1.2129633e-03
   1.2138841e-03
   1.2148056e-03
   1.2157278e-03
   1.2166507e-03
   1.2175743e-03
   1.2184986e-03
   1.2194236e-03
   1.2203493e-03
   1.2212757e-03
   1.2222028e-03
   1.2231307e-03
   1.2240592e-03
   1.2249884e-03
   1.2259183e-03
   1.2268490e-03
   1.2277803e-03
   1.2287124e-03
   1.2296451e-03
   1.2305786e-03
   1.2315128e-03
   1.2324477e-03
   1.2333833e-03
   1.2343196e-03
   1.2352566e-03
   1.2361943e-03
   1.2371327e-03
   1.2380719e-03
   1.2390118e-03
   1.2399523e-03
   1.2408936e-03
   1.2418356e-03
   1.2427784e-03
   1.2437218e-03
   1.2446660e-03
   1.2456108e-03
   1.2465564e-03
   1.2475027e-03
   1.2484497e-03
   1.2493975e-03
   1.2503459e-03
   1.2512951e-03
   1.2522450e-03
   1.2531957e-03
   1.2541470e-03
   1.2550991e-03
   1.2560519e-03
   1.2570054e-03
   1.2579596e-03
   1.2589146e-03
   1.2598703e-03
   1.2608267e-03
   1.2617838e-03
   1.2627417e-03
   1.2637003e-03
   1.2646596e-03
   1.2656196e-03
   1.2665804e-03
   1.2675419e-03
   1.2685042e-03
   1.2694671e-03
   1.2704308e-03
   1.2713953e-03
   1.2723604e-03
   1.2733263e-03
   1.2742929e-03
   1.2752603e-03
   1.2762284e-03
   1.2771972e-03
   1.2781668e-03
   1.2791371e-03
   1.2801081e-03
   1.2810799e-03
   1.2820524e-03
   1.2830257e-03
   1.2839997e-03
   1.2849744e-03
   1.2859499e-03
   1.2869261e-03
   1.2879030e-03
   1.2888807e-03
   1.2898592e-03
   1.2908383e-03
   1.2918183e-03
   1.2927989e-03
   1.2937803e-03
   1.2947625e-03
   1.2957454e-03
   1.2967290e-03
   1.2977134e-03
   1.2986986e-03
   1.2996845e-03
   1.3006711e-03
   1.3016585e-03
   1.3026466e-03
   1.3036355e-03
   1.3046252e-03
   1.3056155e-03
   1.3066067e-03
   1.3075986e-03
   1.3085912e-03
   1.3095846e-03
   1.3105788e-03
   1.3115737e-03
   1.3125693e-03
   1.3135658e-03
   1.3145629e-03
   1.3155609e-03
   1.3165596e-03
   1.3175590e-03
   1.3185592e-03
   1.3195602e-03
   1.3205619e-03
   1.3215644e-03
   1.3225676e-03
   1.3235716e-03
   1.3245764e-03
   1.3255819e-03
   1.3265882e-03
   1.3275953e-03
   1.3286031e-03
   1.3296117e-03
   1.3306211e-03
   1.3316312e-03
   1.3326421e-03
   1.3336537e-03
   1.3346662e-03
   1.3356794e-03
   1.3366933e-03
   1.3377081e-03
   1.3387236e-03
   1.3397398e-03
   1.3407569e-03
   1.3417747e-03
   1.3427933e-03
   1.3438126e-03
   1.3448328e-03
   1.3458537e-03
   1.3468754e-03
   1.3478978e-03
   1.3489211e-03
   1.3499451e-03
   1.3509699e-03
   1.3519955e-03
   1.3530218e-03
   1.3540489e-03
   1.3550768e-03
   1.3561055e-03
   1.3571350e-03
   1.3581652e-03
   1.3591963e-03
   1.3602281e-03
   1.3612607e-03
   1.3622941e-03
   1.3633282e-03
   1.3643632e-03
   1.3653989e-03
   1.3664354e-03
   1.3674728e-03
   1.3685109e-03
   1.3695497e-03
   1.3705894e-03
   1.3716299e-03
   1.3726711e-03
   1.3737132e-03
   1.3747560e-03
   1.3757996e-03
   1.3768441e-03
   1.3778893e-03
   1.3789353e-03
   1.3799821e-03
   1.3810297e-03
   1.3820781e-03
   1.3831272e-03
   1.3841772e-03
   1.3852280e-03
   1.3862796e-03
   1.3873320e-03
   1.3883851e-03
   1.3894391e-03
   1.3904939e-03
   1.3915495e-03
   1.3926058e-03
   1.3936630e-03
   1.3947210e-03
   1.3957798e-03
   1.3968394e-03
   1.3978997e-03
   1.3989609e-03
   1.4000229e-03
   1.4010857e-03
   1.4021494e-03
   1.4032138e-03
   1.4042790e-03
   1.4053451e-03
   1.4064119e-03
   1.4074796e-03
   1.4085480e-03
   1.4096173e-03
   1.4106874e-03
   1.4117583e-03
   1.4128300e-03
   1.4139026e-03
   1.4149759e-03
   1.4160501e-03
   1.4171250e-03
   1.4182008e-03
   1.4192774e-03
   1.4203549e-03
   1.4214331e-03
   1.4225122e-03
   1.4235920e-03
   1.4246727e-03
   1.4257543e-03
   1.4268366e-03
   1.4279198e-03
   1.4290037e-03
   1.4300886e-03
   1.4311742e-03
   1.4322606e-03
   1.4333479e-03
   1.4344360e-03
   1.4355250e-03
   1.4366147e-03
   1.4377053e-03
   1.4387967e-03
   1.4398890e-03
   1.4409820e-03
   1.4420759e-03
   1.4431707e-03
   1.4442662e-03
   1.4453626e-03
   1.4464598e-03
   1.4475579e-03
   1.4486568e-03
   1.4497565e-03
   1.4508571e-03
   1.4519585e-03
   1.4530607e-03
   1.4541638e-03
   1.4552677e-03
   1.4563724e-03
   1.4574780e-03
   1.4585845e-03
   1.4596917e-03
   1.4607998e-03
   1.4619088e-03
   1.4630186e-03
   1.4641292e-03
   1.4652407e-03
   1.4663530e-03
   1.4674661e-03
   1.4685801e-03
   1.4696950e-03
   1.4708107e-03
   1.4719272e-03
   1.4730446e-03
   1.4741629e-03
   1.4752820e-03
   1.4764019e-03
   1.4775227e-03
   1.4786443e-03
   1.4797668e-03
   1.4808902e-03
   1.4820144e-03
   1.4831394e-03
   1.4842653e-03
   1.4853921e-03
   1.4865197e-03
   1.4876482e-03
   1.4887775e-03
   1.4899077e-03
   1.4910387e-03
   1.4921706e-03
   1.4933034e-03
   1.4944370e-03
   1.4955715e-03
   1.4967068e-03
   1.4978430e-03
   1.4989801e-03
   1.5001180e-03
   1.5012568e-03
   1.5023965e-03
   1.5035370e-03
   1.5046784e-03
   1.5058206e-03
   1.5069638e-03
   1.5081078e-03
   1.5092526e-03
   1.5103983e-03
   1.5115449e-03
   1.5126924e-03
   1.5138408e-03
   1.5149900e-03
   1.5161400e-03
   1.5172910e-03
   1.5184428e-03
   1.5195955e-03
   1.5207491e-03
   1.5219036e-03
   1.5230589e-03
   1.5242151e-03
   1.5253722e-03
   1.5265302e-03
   1.5276890e-03
   1.5288487e-03
   1.5300093e-03
   1.5311708e-03
   1.5323332e-03
   1.5334964e-03
   1.5346606e-03
   1.5358256e-03
   1.5369915e-03
   1.5381583e-03
   1.5393259e-03
   1.5404945e-03
   1.5416639e-03
   1.5428343e-03
   1.5440055e-03
   1.5451776e-03
   1.5463506e-03
   1.5475245e-03
   1.5486993e-03
   1.5498750e-03
   1.5510515e-03
   1.5522290e-03
   1.5534073e-03
   1.5545866e-03
   1.5557667e-03
   1.5569478e-03
   1.5581297e-03
   1.5593125e-03
   1.5604963e-03
   1.5616809e-03
   1.5628664e-03
   1.5640528e-03
   1.5652402e-03
   1.5664284e-03
   1.5676175e-03
   1.5688076e-03
   1.5699985e-03
   1.5711904e-03
   1.5723831e-03
   1.5735768e-03
   1.5747713e-03
   1.5759668e-03
   1.5771631e-03
   1.5783604e-03
   1.5795586e-03
   1.5807577e-03
   1.5819577e-03
   1.5831587e-03
   1.5843605e-03
   1.5855632e-03
   1.5867669e-03
   1.5879715e-03
   1.5891769e-03
   1.5903833e-03
   1.5915907e-03
   1.5927989e-03
   1.5940080e-03
   1.5952181e-03
   1.5964291e-03
   1.5976410e-03
   1.5988538e-03
   1.6000676e-03
   1.6012823e-03
   1.6024978e-03
   1.6037144e-03
   1.6049318e-03
   1.6061502e-03
   1.6073694e-03
   1.6085897e-03
   1.6098108e-03
   1.6110329e-03
   1.6122559e-03
   1.6134798e-03
   1.6147046e-03
   1.6159304e-03
   1.6171571e-03
   1.6183848e-03
   1.6196133e-03
   1.6208428e-03
   1.6220733e-03
   1.6233047e-03
   1.6245370e-03
   1.6257702e-03
   1.6270044e-03
   1.6282395e-03
   1.6294756e-03
   1.6307126e-03
   1.6319505e-03
   1.6331894e-03
   1.6344292e-03
   1.6356699e-03
   1.6369116e-03
   1.6381543e-03
   1.6393978e-03
   1.6406424e-03
   1.6418878e-03
   1.6431343e-03
   1.6443816e-03
   1.6456299e-03
   1.6468792e-03
   1.6481294e-03
   1.6493805e-03
   1.6506326e-03
   1.6518857e-03
   1.6531397e-03
   1.6543947e-03
   1.6556506e-03
   1.6569074e-03
   1.6581653e-03
   1.6594240e-03
   1.6606838e-03
   1.6619444e-03
   1.6632061e-03
   1.6644687e-03
   1.6657322e-03
   1.6669968e-03
   1.6682622e-03
   1.6695287e-03
   1.6707961e-03
   1.6720644e-03
   1.6733338e-03
   1.6746041e-03
   1.6758753e-03
   1.6771475e-03
   1.6784207e-03
   1.6796949e-03
   1.6809700e-03
   1.6822461e-03
   1.6835231e-03
   1.6848011e-03
   1.6860801e-03
   1.6873601e-03
   1.6886410e-03
   1.6899229e-03
   1.6912058e-03
   1.6924897e-03
   1.6937745e-03
   1.6950603e-03
   1.6963471e-03
   1.6976348e-03
   1.6989236e-03
   1.7002133e-03
   1.7015040e-03
   1.7027957e-03
   1.7040883e-03
   1.7053819e-03
   1.7066766e-03
   1.7079722e-03
   1.7092687e-03
   1.7105663e-03
   1.7118649e-03
   1.7131644e-03
   1.7144649e-03
   1.7157664e-03
   1.7170689e-03
   1.7183724e-03
   1.7196769e-03
   1.7209824e-03
   1.7222888e-03
   1.7235963e-03
   1.7249047e-03
   1.7262142e-03
   1.7275246e-03
   1.7288360e-03
   1.7301484e-03
   1.7314619e-03
   1.7327763e-03
   1.7340917e-03
   1.7354081e-03
   1.7367255e-03
   1.7380439e-03
   1.7393633e-03
   1.7406838e-03
   1.7420052e-03
   1.7433276e-03
   1.7446510e-03
   1.7459754e-03
   1.7473009e-03
   1.7486273e-03
   1.7499548e-03
   1.7512832e-03
   1.7526127e-03
   1.7539431e-03
   1.7552746e-03
   1.7566071e-03
   1.7579406e-03
   1.7592751e-03
   1.7606107e-03
   1.7619472e-03
   1.7632848e-03
   1.7646233e-03
   1.7659629e-03
   1.7673035e-03
   1.7686452e-03
   1.7699878e-03
   1.7713315e-03
   1.7726761e-03
   1.7740218e-03
   1.7753686e-03
   1.7767163e-03
   1.7780651e-03
   1.7794149e-03
   1.7807657e-03
   1.7821175e-03
   1.7834704e-03
   1.7848243e-03
   1.7861792e-03
   1.7875352e-03
   1.7888922e-03
   1.7902502e-03
   1.7916092e-03
   1.7929693e-03
   1.7943304e-03
   1.7956925e-03
   1.7970557e-03
   1.7984199e-03
   1.7997852e-03
   1.8011515e-03
   1.8025188e-03
   1.8038871e-03
   1.8052565e-03
   1.8066270e-03
   1.8079984e-03
   1.8093710e-03
   1.8107445e-03
   1.8121191e-03
   1.8134948e-03
   1.8148714e-03
   1.8162492e-03
   1.8176280e-03
   1.8190078e-03
   1.8203887e-03
   1.8217706e-03
   1.8231536e-03
   1.8245376e-03
   1.8259227e-03
   1.8273088e-03
   1.8286960e-03
   1.8300842e-03
   1.8314735e-03
   1.8328638e-03
   1.8342552e-03
   1.8356476e-03
   1.8370411e-03
   1.8384357e-03
   1.8398313e-03
   1.8412280e-03
   1.8426258e-03
   1.8440246e-03
   1.8454244e-03
   1.8468254e-03
   1.8482273e-03
   1.8496304e-03
   1.8510345e-03
   1.8524397e-03
   1.8538460e-03
   1.8552533e-03
   1.8566617e-03
   1.8580711e-03
   1.8594817e-03
   1.8608933e-03
   1.8623059e-03
   1.8637197e-03
   1.8651345e-03
   1.8665504e-03
   1.8679674e-03
   1.8693854e-03
   1.8708045e-03
   1.8722247e-03
   1.8736460e-03
   1.8750683e-03
   1.8764918e-03
   1.8779163e-03
   1.8793419e-03
   1.8807685e-03
   1.8821963e-03
   1.8836251e-03
   1.8850551e-03
   1.8864861e-03
   1.8879182e-03
   1.8893514e-03
   1.8907856e-03
   1.8922210e-03
   1.8936575e-03
   1.8950950e-03
   1.8965336e-03
   1.8979734e-03
   1.8994142e-03
   1.9008561e-03
   1.9022991e-03
   1.9037432e-03
   1.9051884e-03
   1.9066347e-03
   1.9080821e-03
   1.9095306e-03
   1.9109802e-03
   1.9124309e-03
   1.9138827e-03
   1.9153356e-03
   1.9167896e-03
   1.9182447e-03
   1.9197009e-03
   1.9211582e-03
   1.9226166e-03
   1.9240762e-03
   1.9255368e-03
   1.9269985e-03
   1.9284614e-03
   1.9299254e-03
   1.9313904e-03
   1.9328566e-03
   1.9343239e-03
   1.9357923e-03
   1.9372619e-03
   1.9387325e-03
   1.9402043e-03
   1.9416771e-03
   1.9431511e-03
   1.9446263e-03
   1.9461025e-03
   1.9475799e-03
   1.9490583e-03
   1.9505379e-03
   1.9520187e-03
   1.9535005e-03
   1.9549835e-03
   1.9564676e-03
   1.9579528e-03
   1.9594392e-03
   1.9609266e-03
   1.9624152e-03
   1.9639050e-03
   1.9653959e-03
   1.9668879e-03
   1.9683810e-03
   1.9698753e-03
   1.9713707e-03
   1.9728672e-03
   1.9743649e-03
   1.9758637e-03
   1.9773636e-03
   1.9788647e-03
   1.9803670e-03
   1.9818703e-03
   1.9833748e-03
   1.9848805e-03
   1.9863873e-03
   1.9878952e-03
   1.9894043e-03
   1.9909145e-03
   1.9924259e-03
   1.9939384e-03
   1.9954521e-03
   1.9969669e-03
   1.9984829e-03
   2.0000000e-03
